0 0 0 0 0 0 0 0 0 0 
1376.37 0.185609 1096.93 0.179646 1029.3 0.140901 945.331 0.145718 898.735 0.577195 
1404.53 0.204385 1121.33 0.149496 1052.28 0.146285 966.191 0.154492 919.035 0.523467 
1389.37 0.293406 1112.72 0.168316 1044.54 0.150376 960.751 0.140725 915.344 0.82441 
1389.39 0.193226 1106.38 0.155422 1036.99 0.149854 951.382 0.151063 904.51 0.81652 
1386.78 0.289427 1108.23 0.150024 1040.24 0.145065 956.232 0.137759 908.27 0.416429 
1402.88 0.222484 1120.32 0.145626 1051.23 0.157932 964.955 0.156149 916.461 0.396133 
1381.35 0.336526 1103.75 0.153798 1035.3 0.150366 951.458 0.159276 904.124 0.474934 
1402.16 0.212765 1120.43 0.14972 1051.53 0.144044 965.72 0.155208 918.506 0.49621 
1404.9 0.305136 1126.85 0.161762 1058.44 0.139422 974.554 0.15115 927.485 0.602001 
1393.35 0.193436 1109.34 0.162352 1039.66 0.165253 953.707 0.148591 906.406 0.536503 
1394.8 0.324537 1117.92 0.159227 1049.31 0.16896 965.432 0.147733 918.978 0.641008 
1404.19 0.196195 1121.25 0.15686 1052.38 0.147309 966.455 0.150263 918.222 0.537042 
1383.08 0.378049 1104.97 0.167467 1036.02 0.189386 951.535 0.203309 903.675 0.358392 
0 0 0 0 0 0 0 0 0 0 
0 0 0 0 0 0 0 0 0 0 
1393.06 0.22657 1109.49 0.177942 1039.72 0.192842 953.766 0.183494 906.025 0.439 
1387.12 0.324974 1110.02 0.172627 1042.03 0.146158 958.294 0.138869 911.93 0.759489 
1414.53 0.19135 1130.35 0.145611 1060.63 0.145179 974.358 0.158058 925.336 0.409921 
1401.31 0.344151 1122.72 0.141686 1053.82 0.137679 969.193 0.153173 922.312 0.573772 
1375.74 0.198484 1096.78 0.161668 1028.36 0.14912 944.04 0.147722 896.629 0.384706 
1407.7 0.285163 1130.68 0.139439 1062.27 0.149882 978.234 0.139403 933.16 1.03366 
1400.86 0.211856 1117.81 0.163845 1048.41 0.169759 962.462 0.145684 915.119 0.556545 
1413.65 0.296017 1135.64 0.141242 1066.8 0.141848 982.309 0.15043 933.611 0.463927 
1411.03 0.192642 1126.21 0.166296 1056.37 0.148096 970.187 0.162077 923.29 0.772089 
1399.54 0.280837 1120.66 0.135711 1052.24 0.135825 967.575 0.155047 920.759 0.443575 
1383.85 0.196905 1102.24 0.14464 1032.9 0.150219 947.5 0.153955 900.952 0.762496 
1388.62 0.299287 1109.15 0.151679 1040.82 0.152397 956.645 0.139452 909.556 0.61326 
1402.03 0.198101 1118.07 0.161924 1049.09 0.148846 963.117 0.143727 916.564 0.819877 
1410.56 0.285086 1132.44 0.144109 1063.97 0.143223 980.128 0.13801 932.55 0.465223 
1398.02 0.202221 1113.73 0.153742 1044.22 0.154945 957.744 0.155239 909.482 0.548144 
1378.38 0.246441 1100.78 0.150805 1032.25 0.155199 948.574 0.128432 902.684 0.662108 
1426.58 0.200403 1138.4 0.168116 1067.56 0.155665 980.613 0.146453 932.457 0.481192 
1416.62 0.319252 1136.93 0.159443 1067.95 0.151077 983.405 0.148552 937.053 0.682211 
1427.95 0.18534 1136.88 0.161294 1065.25 0.150863 977.53 0.165175 927.952 0.450091 
1420.76 0.327693 1139.86 0.152791 1070.86 0.14718 985.959 0.163397 937.729 0.534956 
1412.59 0.19638 1123.09 0.162038 1052.16 0.166575 964.545 0.155683 915.765 0.543856 
1410.94 0.336354 1133.26 0.154015 1064.73 0.156256 980.751 0.135975 933.956 0.564177 
1432.35 0.22568 1140.94 0.151721 1069.38 0.158531 981.326 0.157854 931.98 0.486001 
1427.19 0.246532 1147.24 0.145883 1078.73 0.151963 994.239 0.142768 946.15 0.452106 
1124.83 0.18752 1055.52 0.18968 967.329 0.23051 918.365 0.493637 615.825 45.0101 
1412.89 0.185831 1130.96 0.170565 1061.9 0.142545 976.76 0.136908 928.233 0.376586 
1427.43 0.191235 1136.61 0.159796 1065.26 0.152066 977.324 0.156141 928.084 0.625568 
1426.62 0.294706 1145.36 0.157386 1076.21 0.146398 990.93 0.135972 943.861 0.896695 
1410.47 0.2203 1121.22 0.15854 1050.34 0.153888 962.958 0.15681 913.612 0.402256 
1428.84 0.315376 1147.11 0.139816 1077.58 0.143516 992.221 0.125574 944.574 0.645031 
1438.68 0.239579 1148.11 0.162454 1077.06 0.172821 989.154 0.179691 940.448 0.458492 
0 0 0 0 0 0 0 0 0 0 
1435.6 0.188354 1144.52 0.157606 1073.38 0.164047 985.96 0.162949 935.481 0.385451 
1410.38 0.289852 1129.3 0.190923 1060.68 0.152303 976.112 0.130186 927.378 0.479044 
1445.99 0.181299 1155.83 0.152195 1084.35 0.160996 996.724 0.156041 948.207 0.541977 
1394.08 0.319494 1114.23 0.158018 1045.22 0.154125 960.368 0.128574 915.796 1.28586 
1463.99 0.210443 1172.61 0.155707 1101.31 0.15838 1013.64 0.14642 963.549 0.407285 
1420.24 0.348511 1141.47 0.156356 1073.12 0.127765 988.574 0.144778 943.035 1.1129 
1423.3 0.211913 1132.22 0.160119 1060.97 0.155301 972.801 0.154194 924.147 0.50311 
1424.98 0.304614 1144.35 0.150665 1075.33 0.143343 990.36 0.149681 943.978 0.80412 
1426.42 0.218124 1136.32 0.162932 1065 0.16212 977.265 0.160551 928.524 0.815568 
1411.68 0.25737 1130.73 0.144885 1061.34 0.150324 976.474 0.135938 928.557 0.460452 
1427.43 0.214986 1137.67 0.171967 1066.73 0.153001 979.391 0.152571 929.437 0.327868 
1428.39 0.287354 1149.3 0.135659 1080.62 0.146835 996.013 0.142802 949.647 0.636942 
1426.79 0.215211 1135.97 0.181047 1064.46 0.155047 976.567 0.169754 926.562 0.514514 
1388.69 0.318883 1112.1 0.142906 1044.05 0.146456 959.974 0.134126 920.402 4.84229 
1416.83 0.213181 1128.05 0.150712 1057.09 0.156486 969.446 0.152961 919.997 0.423734 
1398.63 0.306463 1119.24 0.149357 1050.48 0.165025 965.765 0.138409 920.094 0.819903 
1297.32 0.186716 1034.54 0.153609 970.557 0.150562 891.119 0.149934 846.698 0.345064 
1385.4 0.44373 1109.33 0.131325 1041.49 0.148132 957.32 0.147532 909.936 0.421828 
1306.67 0.200518 1042.57 0.14222 977.979 0.143366 898.383 0.148684 855.218 0.567315 
1386.39 0.439185 1110.4 0.135464 1042 0.165511 957.549 0.141514 912.125 0.809018 
1303.28 0.177579 1039.96 0.142988 975.702 0.138378 896.066 0.148673 852.612 0.482659 
1377.43 0.496517 1103.34 0.147984 1035 0.14288 951.716 0.126511 904.111 0.538783 
1305.71 0.180208 1042.07 0.145183 977.206 0.149568 897.503 0.136741 853.032 0.500392 
1376.49 0.448733 1098.75 0.160251 1030.28 0.130408 945.819 0.156938 897.327 0.402011 
1312.38 0.19064 1047.91 0.136054 983.139 0.142521 902.893 0.135253 857.968 0.369591 
1114.5 0.139897 1045.88 0.137453 1013.88 0.308019 961.444 0.167728 913.654 0.396654 
1300.79 0.189415 1035.43 0.148496 970.585 0.138418 890.407 0.145805 845.825 0.478465 
1386.9 0.414429 1110.49 0.143742 1041.66 0.162193 957.183 0.149468 910.809 0.48291 
1318.08 0.177686 1053 0.144636 987.818 0.151772 907.604 0.151699 862.652 0.33057 
1380.56 0.39846 1102.19 0.155395 1033.17 0.146779 949.036 0.151411 902.637 0.769219 
1330.68 0.200544 1064.48 0.146383 999.134 0.145677 919.101 0.14525 874.536 0.422992 
1413.75 0.35788 1133.88 0.146342 1065.1 0.154743 980.206 0.161363 932.51 0.554502 
1300.81 0.173677 1039.34 0.145303 975.337 0.141588 896.156 0.141941 853.23 0.46683 
1354.4 0.417107 1085.3 0.170117 1018.83 0.139945 936.785 0.139372 890.9 0.65547 
1288.82 0.203649 1028.49 0.14164 965.095 0.136728 886.079 0.142822 842.934 0.396656 
1381.98 0.394922 1109.38 0.138905 1042.05 0.149339 958.818 0.150299 912.489 0.500887 
1299.21 0.172573 1038.09 0.149758 974.313 0.142761 895.329 0.140994 852.05 0.437099 
1376.04 0.458201 1103.94 0.140271 1035.7 0.145119 952.633 0.135925 907.28 0.63518 
1294.52 0.191398 1035.79 0.136138 972.301 0.142345 893.941 0.155192 850.331 0.436368 
1102.28 0.145583 1034.01 0.142128 1003.23 0.309904 950.879 0.131713 904.785 0.603366 
1320.1 0.193927 1059.27 0.149198 994.99 0.139361 916.259 0.140705 873.247 0.459338 
1101.86 0.14704 1033.97 0.139755 1002.22 0.310799 950.988 0.136714 905.527 0.577315 
1280.81 0.207309 1020.38 0.140375 956.455 0.135785 877.602 0.142233 834.002 0.3303 
1378.58 0.366483 1104.37 0.158774 1036.21 0.133721 952.406 0.130166 905.124 0.492351 
1297.1 0.205143 1034.93 0.155976 970.911 0.150524 891.629 0.147686 848.304 0.379366 
1351.53 0.484771 1080.34 0.141802 1013.3 0.13152 930.468 0.149208 884.195 0.498805 
1310.91 0.189696 1049.76 0.142141 985.301 0.146637 906.714 0.137006 864.283 0.508977 
1360.87 0.397819 1086.66 0.160034 1018.85 0.153765 935.147 0.138599 888.138 0.605736 
1393.57 0.179437 1114.98 0.141414 1046.74 0.138113 962.348 0.137256 915.651 0.513616 
1433.03 0.241609 1145.77 0.145646 1075.17 0.137154 988.824 0.145372 939.881 0.566356 
1377.89 0.190132 1096.14 0.150701 1026.96 0.147986 942.046 0.145009 894.97 0.707559 
1425.82 0.178652 1137.76 0.137428 1067.45 0.152561 980.605 0.149614 931.923 0.663912 
1391.55 0.199622 1110.3 0.148903 1041.04 0.154156 956.423 0.143157 910.382 0.952191 
1430.28 0.243012 1143.15 0.160361 1073.02 0.13949 986.476 0.144014 937.676 0.505773 
1387.85 0.188311 1106.35 0.150352 1037.3 0.150461 952.329 0.155876 904.941 0.493457 
1433.58 0.210186 1144.92 0.153575 1074.67 0.14109 987.919 0.148644 939.099 0.67424 
1398.59 0.205831 1117.09 0.148762 1048.38 0.141206 963.423 0.156457 916.793 0.602539 
1442.11 0.208452 1155.32 0.159951 1084.61 0.135988 997.419 0.162437 951.106 1.52795 
1382.37 0.184492 1101.48 0.152809 1032.74 0.144095 948.032 0.153048 899.861 0.414551 
1418.12 0.243876 1130.76 0.149307 1060.21 0.141798 973.923 0.148762 925.775 0.875411 
1388 0.180204 1106.36 0.148689 1036.95 0.14669 952.4 0.140462 905.79 0.577617 
1442.5 0.218533 1154.94 0.147521 1084.54 0.139448 997.601 0.143016 947.815 0.386795 
1387.57 0.205321 1107.08 0.143915 1037.82 0.153059 953.54 0.15426 905.962 0.486019 
1449.64 0.236761 1163.58 0.145281 1092.65 0.137007 1006.62 0.152246 957.318 0.500295 
1395.4 0.197703 1113.23 0.161504 1044.18 0.152286 959.433 0.142864 911.243 0.492122 
0 0 0 0 0 0 0 0 0 0 
1377.83 0.21739 1095.74 0.162569 1026.06 0.164476 941.579 0.148531 893.624 0.629501 
1440.1 0.288986 1152.85 0.151831 1081.71 0.144807 995.155 0.14494 948.453 0.76168 
1392.55 0.187929 1111.45 0.147315 1042.34 0.149613 957.451 0.148959 909.757 0.500659 
1430.49 0.245446 1143.74 0.143706 1073.22 0.134232 987.061 0.140926 937.772 0.44922 
1392.85 0.194937 1112.31 0.162573 1043.41 0.158151 958.836 0.153037 911.781 0.657064 
1440.78 0.269743 1155.58 0.152734 1085.54 0.135298 998.99 0.157717 951.497 0.620646 
1387.42 0.203342 1105.96 0.157767 1037.12 0.152811 951.924 0.151771 903.847 0.38601 
1424.94 0.250384 1137.38 0.143188 1067.22 0.162159 980.835 0.160314 931.552 0.494966 
1377.81 0.205138 1096.8 0.15835 1028.06 0.13695 943.455 0.152666 896.133 0.429896 
1422.2 0.237812 1137.92 0.140194 1068.14 0.150081 982.804 0.156493 934.884 0.582013 
1376.84 0.201365 1096.14 0.150953 1026.69 0.149948 942.034 0.160741 894.383 0.421382 
1429.26 0.2656 1142.74 0.158838 1072.92 0.147804 986.581 0.146973 937.782 0.499495 
1385.03 0.192393 1105.28 0.162568 1037.01 0.158575 952.658 0.156801 906.242 0.52348 
1422.41 0.277346 1137.37 0.161003 1067.12 0.166254 981.528 0.175605 933.303 0.518882 
