1 0 0 0 0 0 0 0 0 0 0 
2 1164.88 0.305299 934.328 0.299565 863.534 0.310436 838.314 0.542 766.443 0.297904 
3 1156.09 0.283404 927.522 0.330838 857.393 0.277634 832.37 0.616378 760.377 0.279505 
4 1163.96 0.427715 934.018 0.289436 864.352 0.308612 837.639 0.502355 766.464 0.265844 
5 1174.08 0.245824 942.293 0.381595 872.002 0.350087 845.966 0.399203 774.207 0.240325 
6 1171.91 0.336107 940.454 0.29159 869.939 0.244397 843.819 0.677193 772.021 0.241964 
7 1173.33 0.265006 943.05 0.281416 872.922 0.279894 846.694 0.449815 775.227 0.290148 
8 1161.44 0.298424 931.953 0.272118 861.152 0.270469 835.856 0.713872 764.36 0.268435 
9 1158.87 0.275421 929.184 0.26694 858.212 0.262226 833.251 0.593396 761.278 0.267386 
10 1175.81 0.286206 945.7 0.25261 875.243 0.278601 850.2 0.425714 778.254 0.225355 
11 1179.04 0.323454 948.792 0.249082 877.43 0.248374 852.118 0.613568 779.942 0.301298 
12 1169.01 0.2426 937.319 0.334889 866.303 0.27303 841.21 0.489234 768.378 0.244287 
13 1157.94 0.25584 928.456 0.291364 857.387 0.269838 833.247 0.44474 760.118 0.282548 
14 1171.55 0.302789 940.349 0.307056 869.56 0.25673 844.791 0.687369 772.674 0.220682 
15 1166.26 0.31703 935.029 0.262556 864.453 0.283576 838.192 0.444306 765.862 0.228384 
16 1177.34 0.306436 946.796 0.284529 876.475 0.278013 850.391 0.451565 778.221 0.270921 
17 1160.94 0.236481 934.621 0.25231 865.846 0.269817 841.138 0.431259 770.416 0.229126 
18 1155.09 0.372238 930.406 0.31153 861.472 0.220601 836.709 0.588356 765.867 0.234592 
19 1159.94 0.384069 934.716 0.244994 865.372 0.262059 841.464 0.380082 771.275 0.256914 
20 1140.6 0.263121 915.779 0.276051 846.619 0.286479 821.912 0.447754 751.36 0.262274 
21 1159.13 0.314042 932.638 0.285473 863.21 0.282959 839.393 0.48026 768.297 0.238718 
22 1160.14 0.299691 934.91 0.292571 866.08 0.250875 840.973 0.40505 770.723 0.236094 
23 1160.87 0.256907 935.511 0.254839 866.34 0.248379 841.158 0.416877 771.073 0.211886 
24 1168.05 0.290021 942.517 0.238445 873.617 0.214042 848.769 0.494028 778.349 0.188522 
25 1145.34 0.299814 920.549 0.22879 851.681 0.240102 826.855 0.331005 757.022 0.229663 
26 1173.61 0.330773 947.806 0.303415 878.688 0.241684 853.509 0.387203 783.788 0.270726 
27 1152.39 0.349288 926.996 0.234422 857.833 0.221146 832.977 0.483809 762.635 0.219393 
28 1149.85 0.280946 925.04 0.244557 856.732 0.221957 832.128 0.364939 762 0.230789 
29 1161.77 0.307494 937.569 0.230265 868.923 0.270937 844.042 0.433232 774.43 0.213869 
30 1168.24 0.341989 943.08 0.261291 873.964 0.267276 849.482 0.569188 778.704 0.248049 
31 1142.64 0.258458 917.225 0.258834 848.506 0.273906 824.198 0.918114 753.161 0.21553 
32 1160.83 0.306718 935.589 0.30638 867.114 0.295654 842.562 0.46219 772.24 0.229514 
33 1189.85 0.269117 956.949 0.300555 884.951 0.259366 861.859 2.00582 787.354 0.365335 
34 1192.26 0.249975 957.593 0.296824 885.457 0.250263 860.528 0.836268 786.642 0.220622 
35 1178.87 0.36105 947.025 0.261387 876.546 0.283186 849.966 0.532246 777.873 0.273948 
36 1207.25 0.299766 972.282 0.259146 900.517 0.267747 874.384 0.492016 800.815 0.239599 
37 1191.09 0.278867 956.918 0.255813 885.725 0.255227 860.084 0.862565 786.788 0.250568 
38 1194.18 0.289352 956.987 0.335314 885.131 0.268895 857.738 0.532003 786.027 0.251962 
39 1198.13 0.306105 961.743 0.246612 889.369 0.248152 863.379 0.875566 789.981 0.221936 
40 1215.81 0.279461 978.501 0.258312 905.811 0.260705 879.816 0.732964 806.101 0.218023 
41 1218.87 0.24283 981.14 0.245337 909.045 0.302006 884.11 0.849425 808.848 0.246064 
42 1191.17 0.24856 953.686 0.249967 881.741 0.266277 855.148 0.541803 781.803 0.215361 
43 1205.75 0.219303 967.433 0.26028 895.521 0.319761 870.093 0.386492 795.335 0.279076 
44 1215.35 0.326266 976.926 0.25765 904.437 0.278305 878.156 0.479015 804.288 0.233001 
45 1202.63 0.241396 966.052 0.240244 893.173 0.259412 867.349 0.411428 792.988 0.247698 
46 1203.31 0.272651 966.188 0.248014 894.209 0.363528 868.503 0.934945 793.912 0.253234 
47 1214.98 0.304959 976.548 0.264841 903.471 0.30068 877.25 0.427385 803.583 0.249584 
48 1220.3 0.295162 980.589 0.271702 908.161 0.270763 880.61 0.641815 807.059 0.254134 
49 1186.8 0.314176 958.042 0.257742 887.035 0.255013 862.185 0.328559 791.245 0.242538 
50 1191.65 0.301873 961.147 0.276341 890.238 0.233781 865.98 0.417585 794.034 0.21205 
51 1187.63 0.317749 959.01 0.252421 889.035 0.287696 863.749 0.580159 792.467 0.226434 
52 1188.76 0.246262 960.254 0.25753 890.399 0.234533 865.484 0.518855 794.078 0.222566 
53 1174.31 0.255906 943.641 0.229238 873.248 0.235048 847.733 0.506444 775.861 0.238087 
54 1184.36 0.251744 954.17 0.219905 883.576 0.278826 858.4 0.446568 786.51 0.212458 
55 1184.18 0.247673 953.747 0.233551 883.843 0.235142 858.078 0.516246 786.825 0.216947 
56 1185.36 0.213016 954.362 0.229936 884.047 0.24203 858.037 0.344217 786.941 0.211121 
57 1189.48 0.248923 957.557 0.237726 887.352 0.270607 861.208 0.422349 788.965 0.226679 
58 1201.93 0.235246 968.338 0.25009 897.325 0.259108 869.951 0.505083 798.271 0.216748 
59 1188.95 0.252567 957.704 0.227701 885.957 0.231691 860.488 0.604857 788.357 0.233395 
60 1198.47 0.221654 966.298 0.241618 895.353 0.275212 870.519 0.52457 797.871 0.212724 
61 1204.54 0.279002 972 0.27598 901.003 0.243165 875.317 0.66588 802.749 0.270387 
62 1204.51 0.278718 970.266 0.24996 898.636 0.245564 873.424 0.41504 800.128 0.204825 
63 1205.96 0.326528 972.244 0.268054 900.974 0.227085 874.77 0.523895 801.98 0.223014 
64 1201.68 0.263058 969.043 0.291424 898.053 0.235391 872.643 0.493131 800.483 0.206264 
65 1175.25 0.437522 945.265 0.292717 875.146 0.601126 850.036 0.524418 777.792 0.294991 
66 1173.81 0.284345 944.433 0.284859 874.273 0.351272 849.459 0.432154 776.734 0.31751 
67 1170.52 0.26805 940.68 0.334994 869.896 0.291559 844.551 1.10227 772.656 0.232127 
68 1177.8 0.37935 948.214 0.265605 877.608 0.292543 852.49 0.457835 780.803 0.274435 
69 1172.7 0.311099 942.88 0.301889 871.96 0.286323 845.926 0.496655 774.869 0.257659 
70 1186.61 0.281961 954.644 0.368849 884.394 0.252901 859.518 0.735481 786.159 0.237274 
71 1179.1 0.366754 947.818 0.303062 876.669 0.336379 852.014 0.647839 779.524 0.331425 
72 1166.81 0.344457 935.707 0.348101 865.444 0.258243 838.773 0.542954 767.983 0.279264 
73 1183.98 0.279941 953.231 0.354556 882.975 0.291676 857.962 0.583834 785.757 0.2167 
74 1192.71 0.290415 961.592 0.281881 890.592 0.278241 864.951 0.55238 793.153 0.266423 
75 1175.79 0.344327 944.854 0.330846 873.967 0.298098 848.145 0.545822 775.549 0.337547 
76 1168.4 0.299738 938.817 0.329629 869.031 0.242333 842.474 0.496792 772.34 0.199725 
77 1175.55 0.309754 944.314 0.299287 872.909 0.25879 848.769 0.472492 775.3 0.236047 
78 1201.4 0.262863 970.011 0.26841 899.318 0.34189 874.917 0.641811 803.026 0.244245 
79 1161.44 0.318276 930.685 0.351968 860.355 0.24419 835.298 0.662489 763.265 0.357686 
80 1180.14 0.363483 947.999 0.262897 876.418 0.380318 851.135 0.502193 777.798 0.388597 
81 1195.66 0.321532 963.882 0.272515 893.985 0.235381 868.649 0.36437 796.219 0.276082 
82 1192.05 0.309656 960.9 0.27446 890.484 0.31006 865.542 0.55628 793.001 0.275963 
83 1180.86 0.249671 950.793 0.276733 880.992 0.25296 854.724 0.391681 784.009 0.258796 
84 1198.46 0.292004 967.441 0.358431 897.282 0.25882 872.451 0.526818 799.338 0.25241 
85 1197.73 0.274951 964.908 0.249522 894.132 0.2469 868.442 0.423074 796.179 0.275883 
86 1203.33 0.25568 971.273 0.254045 900.108 0.259865 875.291 0.460831 801.907 0.240871 
87 1206.77 0.299942 974.514 0.212375 902.997 0.250986 877.895 0.49784 805.048 0.213138 
88 1191.31 0.284981 959.779 0.278535 889.534 0.222406 863.543 0.467551 791.785 0.228084 
89 1193.72 0.257443 962.291 0.229006 891.78 0.332952 866.981 0.407564 794.414 0.226686 
90 1204.19 0.242699 971.235 0.279833 899.788 0.288913 873.462 0.408708 801.817 0.225737 
91 1214.76 0.320467 980.658 0.257615 909.026 0.281065 883.929 0.624861 810.605 0.242474 
92 1206.41 0.266244 972.559 0.262243 901.254 0.279863 875.066 0.433358 802.917 0.250997 
93 1211.84 0.365387 977.672 0.271412 906.221 0.287471 879.886 1.04393 807.859 0.293217 
94 1219.79 0.268904 984.338 0.304 912.472 0.298627 886.962 0.50574 813.566 0.229218 
95 1209.7 0.278137 975.741 0.342658 903.708 0.278913 878.304 0.564313 805.217 0.231693 
96 1206.16 0.249554 972.529 0.294276 900.806 0.270235 877.237 0.460914 802.908 0.271962 
97 1181.87 0.330248 950.386 0.33029 880.24 0.424156 853.55 0.655182 782.669 0.2988 
98 1198.36 0.34514 966.857 0.397602 895.932 0.43928 871.125 0.645755 797.527 0.279774 
99 1180.58 0.354152 949.562 0.311894 879.448 0.376325 854.054 0.534443 781.662 0.320106 
100 1165.37 0.298137 936.349 0.353575 865.887 0.252904 841.48 0.618763 769.953 0.293594 
101 1164.75 0.300235 933.673 0.309585 863.092 0.304676 838.618 0.632382 765.189 0.261382 
102 1169.76 0.28807 939.771 0.292463 869.037 0.299506 843.384 0.841469 771.763 0.33362 
103 1160.81 0.306709 929.762 0.326743 859.65 0.358666 833.277 0.632605 761.36 0.270992 
104 1173.01 0.270426 941.329 0.251685 870.208 0.303419 844.944 0.591354 773.029 0.253645 
105 1179.7 0.340395 947.498 0.313143 876.9 0.270816 850.933 0.671723 778.035 0.276774 
106 1184.81 0.343243 952.864 0.281065 881.9 0.322466 857.028 0.512663 783.812 0.32908 
107 1172.27 0.298096 940.162 0.522365 869.059 0.277987 843.363 0.510005 770.824 0.25995 
108 1178.53 0.295526 945.379 0.275325 874.671 0.327329 850.661 1.17946 776.404 0.28479 
109 1184.45 0.33504 952.287 0.305419 881.65 0.335135 854.997 0.46698 783.348 0.306677 
110 1173.11 0.321739 941.481 0.279598 870.367 0.300339 845.513 0.563311 772.934 0.255808 
111 1180.24 0.346335 947.708 0.361652 876.597 0.261693 850.799 0.674559 778.824 0.261211 
112 1177.28 0.280498 944.75 0.341591 874.196 0.327354 847.576 0.797279 775.463 0.294663 
113 1211.6 0.37349 977.291 0.243126 905.887 0.212331 880.881 0.512494 807.377 0.28241 
114 1204.97 0.256154 971.429 0.273939 900.244 0.275061 875.046 0.507111 801.528 0.283832 
115 1185.84 0.258253 953.213 0.25003 882.097 0.233224 855.799 0.504923 784.296 0.23268 
116 1205.08 0.278697 973.143 0.240376 901.906 0.248864 876.643 0.463708 804.652 0.211911 
117 1205.78 0.224116 971.81 0.259805 899.977 0.310418 873.229 0.458488 801.758 0.21109 
118 1215.93 0.238067 982.07 0.235246 910.66 0.215492 884.651 0.345451 812.605 0.201007 
119 1204.42 0.22748 971.211 0.263225 900.324 0.220105 874.963 0.405845 801.412 0.212739 
120 1181.36 0.230837 949.209 0.244177 878.719 0.20325 853.377 0.378507 781.062 0.216176 
121 1194.44 0.29535 962.231 0.238387 891.534 0.306643 865.565 0.440879 793.296 0.241526 
122 1196.22 0.253968 962.466 0.232491 890.708 0.257178 864.972 0.655982 792.332 0.209054 
123 1194.06 0.289202 960.807 0.263382 889.37 0.225382 864.614 0.492032 791.192 0.215345 
124 1206.87 0.260285 972.586 0.273466 901.088 0.245324 876.142 0.571151 801.519 0.246381 
125 1202.24 0.25501 968.804 0.245911 897.163 0.245047 871.197 0.511558 798.696 0.236208 
126 1209 0.242976 975.286 0.277068 904.016 0.278695 877.863 0.504919 805.649 0.215972 
127 1182.04 0.271621 949.167 0.230306 878.878 0.255203 853.493 0.357305 781.293 0.227831 
128 1198.8 0.272782 965.507 0.213278 894.141 0.237749 868.424 0.509962 796.098 0.222442 
