1 3797.14 0.747988 
2 4111.2 0.713423 
3 3800.78 0.700088 
4 4134.16 0.671156 
5 3866.78 0.488701 
6 4240.39 0.606068 
7 3948.03 0.682824 
8 4344.35 0.725826 
9 4064.43 0.910147 
10 4327.82 0.843231 
11 4046.6 0.868019 
12 4395.06 0.781129 
13 4153.13 0.73215 
14 4442.27 0.743526 
15 4127.93 0.886336 
16 4415.4 0.840459 
17 4185.54 0.862973 
18 4525.24 0.838613 
19 4173.55 0.889865 
20 4567.47 0.959161 
21 4137.34 1.18042 
22 4564.58 1.16023 
23 4185.63 0.992364 
24 4541.58 1.112 
25 4173.15 1.27951 
26 4587.96 1.12264 
27 4125.01 1.4571 
28 4545.36 1.19849 
29 4055.22 1.72469 
30 4478.21 1.46178 
31 3955.19 2.01326 
32 5004.94 4.23075 
33 4793.4 0.319644 
34 4732.85 0.295826 
35 4737.06 0.300435 
36 4694.38 0.24894 
37 4881.4 0.475387 
38 4809.45 0.592229 
39 4915.22 0.939314 
40 4877.86 1.02712 
41 4993.89 1.19395 
42 4918.12 1.34259 
43 4948.08 1.28065 
44 4938.46 1.17339 
45 4998.5 1.28617 
46 4947.02 1.05769 
47 4975.08 1.0007 
48 4934.88 1.19202 
49 5044.75 1.29749 
50 4851.77 1.40523 
51 5131.16 1.03974 
52 4931.59 1.13149 
53 5049.06 1.08511 
54 4850.6 1.30535 
55 5076.66 2.16283 
56 4856.38 1.22373 
57 5090.22 1.94593 
58 4752.33 1.64632 
59 4993.39 1.57902 
60 4713.96 1.63392 
61 4993.91 1.69341 
62 4671.35 1.93302 
63 4971.26 2.37333 
64 4808.04 1.58752 
65 5294.49 0.45017 
66 4727.22 0.470186 
67 5267.53 0.460853 
68 4748.28 0.493944 
69 5332.52 0.409956 
70 4844.35 0.359283 
71 5409.72 0.381559 
72 4931.3 0.421375 
73 5462.75 0.45562 
74 5028.46 0.54021 
75 5411.57 0.86559 
76 4945.61 0.879364 
77 5522.76 0.80359 
78 4991.26 0.945174 
79 5521.2 0.850481 
80 4936.47 0.751946 
81 5513.52 0.821613 
82 5002.14 0.863187 
83 5644.27 0.978882 
84 5030.66 0.886704 
85 5571.7 0.938432 
86 4999.47 0.933866 
87 5591.37 1.59462 
88 5058.8 1.32058 
89 5517.36 1.58131 
90 5106.6 1.47651 
91 5548.2 1.66149 
92 4949.71 1.60157 
93 5486.1 1.45566 
94 4973.61 2.41167 
95 5428.5 1.79062 
96 5021.98 2.85607 
97 4936.12 0.457552 
98 5075.47 0.522763 
99 4983.84 0.456867 
100 5172.39 0.507822 
101 5000.03 0.567916 
102 5133.57 0.54146 
103 5221.02 0.476442 
104 5267.13 0.585677 
105 5073.25 0.603585 
106 5251.93 0.623863 
107 5072.36 0.68322 
108 5296.4 0.703723 
109 5058.89 0.673922 
110 5298.91 0.662939 
111 5105.04 0.726955 
112 5222.17 0.703663 
113 5132.65 0.836786 
114 5326.08 1.07807 
115 5109.76 0.823965 
116 5474.37 1.10667 
117 5088.73 1.15123 
118 5476.25 0.970107 
119 5141.82 0.868973 
120 5494.96 0.875119 
121 5099.57 1.30601 
122 5385.87 1.31301 
123 5184.28 1.68319 
124 5374.94 1.53251 
125 5079.45 1.87902 
126 5482.72 1.43118 
127 5020.67 1.96413 
128 5355.03 2.15612 
