1 1141.58 0.253395 
2 1151.94 0.263474 
3 1138.4 0.581094 
4 1164.38 0.299721 
5 1170.01 0.303733 
6 1180.4 0.393005 
7 1180.23 0.358363 
8 1173.17 0.612034 
9 1171.8 0.495745 
10 1181.18 1.06665 
11 1161.43 0.673422 
12 1172.78 1.84022 
13 1167.94 0.870566 
14 1158.41 0.672685 
15 1163.47 1.04792 
16 1127.88 3.78072 
17 1146.41 0.469792 
18 1151.28 1.14891 
19 1150.94 0.192082 
20 1165.2 0.601883 
21 1167.59 0.276709 
22 1179.69 0.562666 
23 1174.02 0.312158 
24 1171.56 0.824149 
25 1155.6 0.477455 
26 1210.96 87.3873 
27 1160.91 0.79692 
28 1169.24 0.909751 
29 1160.53 0.907944 
30 1173.49 1.24265 
31 1141.54 1.12981 
32 0 0 
33 1166.12 0.302189 
34 1168.54 0.164482 
35 1169.65 0.151688 
36 1192.22 0.210172 
37 1173.25 0.173242 
38 1182.33 0.308057 
39 1185.62 0.251428 
40 1213.29 0.540535 
41 1213 0.348205 
42 1198.14 0.989331 
43 1213.62 0.425588 
44 1235.49 1.67898 
45 1222.26 0.54293 
46 1208.39 17.5534 
47 1233.51 0.81233 
48 0 0 
49 1169.18 0.15282 
50 1167.63 0.383828 
51 1162.97 0.120291 
52 1192.41 0.34197 
53 1162.69 0.218241 
54 1182.89 0.34561 
55 1180.86 0.230102 
56 1213.41 0.447565 
57 1196.11 0.407557 
58 1198.64 0.542256 
59 1201.25 0.469335 
60 1230.51 0.632115 
61 1218.93 0.670636 
62 1225.56 0.92825 
63 1229.41 1.03849 
64 0 0 
65 1165.13 0.142967 
66 1153.98 0.155975 
67 1179.05 0.123799 
68 1167.04 0.133646 
69 1204.75 0.134044 
70 1187.01 0.175166 
71 1189.18 0.184477 
72 1169.12 0.303211 
73 1196.82 0.288278 
74 1194.35 0.553003 
75 1191.63 0.44774 
76 1167.26 0.922966 
77 1197.88 0.699497 
78 1195.61 3.26281 
79 1176.9 0.955798 
80 0 0 
81 1148.92 0.0981288 
82 1152.23 0.537645 
83 1153.14 0.0871607 
84 1170.12 0.334721 
85 1194.45 0.129629 
86 1186.64 0.288542 
87 1197.97 0.170792 
88 1167.86 0.363477 
89 1192.46 0.234314 
90 1192.78 0.456281 
91 1204.95 0.507174 
92 1167.32 0.580532 
93 1205.08 0.664523 
94 1203.64 0.829817 
95 1208.7 0.879158 
96 0 0 
97 1211.33 0.26037 
98 1206.38 0.301584 
99 1195.08 0.186113 
100 1154.22 0.180504 
101 1199.07 0.299713 
102 1165.68 0.230538 
103 1170.38 0.241026 
104 1164.82 0.357097 
105 1173.59 0.314262 
106 1167.95 0.596046 
107 1174.65 0.547396 
108 1165.78 0.993489 
109 1189.23 0.624222 
110 1171.67 2.19039 
111 1191.78 0.733303 
112 1163.15 47.3477 
113 1198.06 0.233385 
114 1201.98 1.23315 
115 1183.57 0.176439 
116 1151.09 0.453934 
117 1171.97 0.172513 
118 1165.44 0.412749 
119 1186 0.270544 
120 1161.52 0.401565 
121 1177.83 0.270059 
122 1167.04 0.55189 
123 1171.54 0.446709 
124 1164.69 0.76883 
125 1187.43 0.642295 
126 1172.46 0.806547 
127 1182.6 0.798061 
128 0 0 
