1 4800.13 2.4782 
2 4740.49 0.407176 
3 4771.9 0.419603 
4 4710.61 0.393648 
5 4647.91 0.591972 
6 4729.55 0.462757 
7 4762.91 0.567083 
8 4776.53 0.636794 
9 4729.13 0.74523 
10 4678.42 0.896831 
11 4790.6 0.992158 
12 4784.05 1.09506 
13 4754.4 1.21162 
14 4695.65 1.19632 
15 4793.1 1.54726 
16 4612.39 2.43598 
17 4731.97 0.710096 
18 4735.74 0.460387 
19 4680.03 0.487381 
20 4482.6 1.64062 
21 4737.6 0.460898 
22 4664.03 0.622178 
23 4694.38 0.579407 
24 4685.44 0.645616 
25 4650.44 0.897517 
26 4741.7 0.801067 
27 4436.01 6.04317 
28 4722.18 1.12365 
29 4824.34 1.29744 
30 4684.56 2.96718 
31 4753.72 1.66794 
32 4790.26 1.83744 
33 4973.05 0.308285 
34 5029.06 0.257925 
35 4957.03 0.260204 
36 5029.39 0.288858 
37 4781.05 0.869931 
38 4998.82 0.368566 
39 5028.76 0.44646 
40 4918.46 0.503532 
41 4960.84 0.623395 
42 5010.94 0.718074 
43 4931.64 0.76006 
44 4973.87 0.960179 
45 4967.24 1.10563 
46 4936.5 1.13397 
47 4859.99 1.4545 
48 4965.78 1.74051 
49 4829.5 0.374197 
50 4701.61 0.642995 
51 4888.26 0.2636 
52 4892.11 0.2818 
53 4897.73 0.303825 
54 4887.53 0.322189 
55 4796.08 0.380676 
56 4769.1 0.444225 
57 4837.76 0.57152 
58 4886.37 0.652958 
59 4829.41 0.68937 
60 4864.97 0.882366 
61 4848.68 0.924794 
62 4782.04 1.12681 
63 4846.38 1.42329 
64 4858.91 1.48825 
65 5004.19 0.203244 
66 4869.85 0.216276 
67 4992.52 0.178449 
68 4928.24 0.175299 
69 4968.49 0.420945 
70 4938.83 0.242078 
71 4984.71 0.305127 
72 4950.03 0.380568 
73 4929.85 0.462517 
74 4993.18 0.572909 
75 4970.27 0.64963 
76 4959.86 0.753213 
77 4949.97 0.874697 
78 4914.18 1.00183 
79 4912.45 1.11388 
80 4974.33 1.65146 
81 4880.89 0.288735 
82 4852.09 0.236753 
83 4853.35 0.217148 
84 4867.48 0.20137 
85 4805.6 0.207342 
86 4852.69 0.270192 
87 4773.15 0.286496 
88 4842.06 0.388358 
89 4843.46 0.4665 
90 4821.95 0.563261 
91 4828.91 0.645329 
92 4871.25 0.775793 
93 4855.59 0.929326 
94 4825.12 1.04322 
95 4826.41 1.1897 
96 4855.71 1.44735 
97 4726.61 0.362676 
98 4705.54 0.424787 
99 4727.22 0.329889 
100 4731.21 0.27944 
101 4708.33 0.236473 
102 4691.86 0.292737 
103 4700.8 0.360571 
104 4724.03 0.413631 
105 4701.87 0.460835 
106 4755.52 0.57414 
107 4744.1 0.660167 
108 4757.17 0.799303 
109 4633 0.847938 
110 4749.91 0.990146 
111 4737.6 1.14287 
112 4642.86 1.42376 
113 4737.9 0.575763 
114 4751.82 0.460573 
115 4645 0.43537 
116 4761.73 0.352103 
117 4753.75 0.311692 
118 4742.23 0.296833 
119 4763.15 0.395219 
120 4720.78 0.456045 
121 4717.43 0.508563 
122 4767.97 0.617326 
123 4774.86 0.76126 
124 4775.43 0.884394 
125 4723.63 0.971583 
126 4771.49 1.06013 
127 4715.72 1.21393 
128 4768.52 1.3705 
