1 954.769 0.230753 909.539 0.173068 862.292 0.158304 580.126 0.140179 
2 965.795 0.21741 921.343 0.180113 873.339 0.187123 590.071 0.140882 
3 934.945 0.246811 889.736 0.166859 842.05 0.179288 559.218 0.136126 
4 900.829 0.261847 857.463 0.183677 810.33 0.172469 531.844 0.173202 
5 972.134 0.242796 927.377 0.222026 880.257 0.210007 599.952 0.186385 
6 960.981 0.347694 918.558 0.431966 873.607 0.30121 604.264 0.239776 
7 950.875 0.490348 908.067 0.406835 862.148 0.235244 591.208 0.249518 
8 916.863 0.406088 873.987 0.316039 828.945 0.301497 559.35 0.293972 
9 883.6 0.461855 842.151 0.326002 797.854 0.244643 532.647 0.284914 
10 941.278 0.471707 898.275 0.306611 853.961 0.388496 584.65 0.261607 
11 962.445 0.410645 919.392 0.290117 873.22 0.258936 599.938 0.263024 
12 971.602 0.315382 926.452 0.193938 878.841 0.187946 595.202 0.169077 
13 987.734 0.202835 941.781 0.180294 893.796 0.183093 608.162 0.14748 
14 1007.77 0.241164 962.062 0.188457 914.452 0.220013 629.324 0.185108 
15 984.292 1.91373 937.091 0.696854 888.794 1.0472 603.276 0.914017 
16 997.766 0.39171 953.524 0.239313 905.339 0.273581 622.784 0.20991 
17 977.303 0.246994 930.334 0.204394 880.648 0.213249 583.577 0.171176 
18 954.674 0.24236 907.635 0.159367 857.554 0.166494 559.632 0.145172 
19 986.164 0.228665 938.433 0.170002 889.209 0.161263 590.247 0.127778 
20 951.951 0.203159 905.145 0.171533 855.644 0.151901 561.309 0.125125 
21 986.875 0.202458 939.322 0.176681 889.143 0.147954 590.259 0.133675 
22 968.309 0.285338 922.36 0.25005 873.322 0.25392 583.303 0.189073 
23 988.961 0.346171 943.239 0.327664 895.033 0.300467 610.12 0.278031 
24 966.349 0.305142 920.479 0.308365 873.514 0.269138 589.706 0.22909 
25 920.902 0.479594 876.354 0.382164 827.966 0.349396 543.231 0.266991 
26 934.105 0.320948 888.927 0.396221 842.174 0.323271 559.096 0.276944 
27 964.433 0.289573 918.186 0.293859 870.757 0.258166 583.607 0.263989 
28 991.729 0.289556 944.791 0.181252 895.092 0.213228 598.854 0.151358 
29 1024.47 0.238276 975.609 0.194743 925.175 0.180839 623.577 0.136217 
30 1008.18 0.243266 960.55 0.178771 910.012 0.187378 610.306 0.13297 
31 979.463 0.284829 932.187 0.27471 881.755 0.256986 583.047 0.186944 
32 983.346 0.24868 936.046 0.182723 885.524 0.16273 584.881 0.144146 
33 944.674 0.319651 897.417 0.261137 848.43 0.258045 552.541 0.258498 
34 972.746 0.353984 925.773 0.227717 875.898 0.294362 578.513 0.216945 
35 988.877 0.270762 942.008 0.21322 891.783 0.234884 595.107 0.201895 
36 973.971 0.21989 926.28 0.209402 876.772 0.186933 579.351 0.174923 
37 993.891 0.209747 946.046 0.171531 895.838 0.195255 596.8 0.169367 
38 1027.86 0.269924 980.094 0.224609 929.712 0.172956 630.011 0.153196 
39 1014.08 0.297149 966.887 0.206215 917.112 0.18659 619.747 0.158998 
40 1023.4 0.278028 975.192 0.225898 925.261 0.209941 625.593 0.18744 
41 951.59 0.320884 904.468 0.223127 855.042 0.229509 558.7 0.181153 
42 976.352 0.441282 928.256 0.258754 878.101 0.230883 578.493 0.164471 
43 1005.3 0.287574 958.166 0.206765 907.788 0.237923 609.532 0.177171 
44 1022.77 0.264787 974.909 0.247715 924.662 0.23617 624.797 0.193809 
45 1016.11 0.318429 968.519 0.224718 918.212 0.250062 618.781 0.185995 
46 1006.92 0.246454 958.533 0.222166 908.098 0.24138 606.785 0.173563 
47 974.71 0.272188 927.403 0.250045 876.7 0.257336 578.757 0.196569 
48 1020.14 0.408967 972.435 0.240574 922.182 0.228958 621.263 0.200612 
49 905.639 0.558067 861.273 0.316322 813.441 0.375334 531.716 0.430427 
50 929.108 0.317595 885.069 0.331313 837.715 0.256648 556.193 0.238556 
51 899.472 0.229371 854.924 0.223709 807.837 0.269579 525.303 0.166419 
52 907.431 0.252602 862.397 0.178452 815.51 0.167696 534.05 0.171922 
53 931.098 0.220355 886.715 0.21022 840.625 0.171564 562.334 0.137898 
54 967.455 0.268506 922.457 0.189257 874.949 0.177405 593.491 0.12578 
55 920.056 0.296766 874.718 0.185432 827.749 0.17206 545.67 0.133661 
56 945.622 0.235487 900.455 0.178377 853.958 0.163544 572.915 0.143954 
57 956.26 0.279297 910.768 0.201628 863.595 0.201801 581.686 0.16735 
58 970.899 0.234651 926.117 0.178498 878.828 0.194628 597.829 0.165993 
59 959.294 0.263093 914.147 0.240808 866.884 0.184558 585.118 0.192644 
60 950.227 0.316494 905.13 0.207331 858.062 0.211969 575.5 0.142771 
61 956.318 0.242103 910.922 0.190375 864.227 0.165001 582.888 0.18162 
62 946.724 0.249578 901.494 0.213522 854.381 0.198782 572.675 0.129587 
63 983.587 0.346327 937.84 0.246158 891.565 0.222792 609.59 0.174338 
64 959.378 0.299959 914.405 0.275979 866.41 0.238425 584.239 0.248609 
65 998.469 0.259585 953.278 0.204799 904.725 0.187534 615.466 0.170932 
66 1032.46 0.236741 986.088 0.185148 937.517 0.181404 646.282 0.150911 
67 1036.12 0.271675 989.048 0.18668 941.05 0.17769 649.913 0.154506 
68 1021.44 0.231092 974.889 0.185131 926.361 0.18196 635.752 0.170473 
69 1020.76 0.220902 974.506 0.19038 925.969 0.182196 637.006 0.159147 
70 1034.37 0.252958 988.813 0.184754 940.178 0.178225 651.332 0.156581 
71 1052.15 0.216646 1005.91 0.185912 957.71 0.171406 668.833 0.15162 
72 1058.94 0.218754 1012.3 0.216118 963.578 0.199791 671.426 0.15297 
73 1010.49 0.255979 965.059 0.181148 916.456 0.201681 627.325 0.1726 
74 1090.47 0.225134 1044.97 0.200244 996.383 0.196882 707.808 0.170504 
75 1020.62 0.27101 974.765 0.193269 926.463 0.188437 638.807 0.162379 
76 1049.94 0.273709 1004.24 0.242574 955.86 0.254124 667.554 0.161321 
77 1053.88 0.251317 1007.95 0.249418 959.889 0.26832 673.034 0.169923 
78 1026.83 0.311941 981.225 0.216595 932.907 0.236254 645.078 0.176857 
79 1032.5 0.247145 987.038 0.235585 938.974 0.205071 652.188 0.19694 
80 1040.61 0.302165 994.547 0.263205 946.73 0.247821 658.806 0.206357 
81 972.459 0.289578 926.783 0.299935 878.753 0.241912 594.77 0.220655 
82 966.56 0.210014 920.579 0.148474 872.565 0.144954 585.615 0.115256 
83 982.885 0.209874 937.125 0.158352 888.575 0.151854 600.93 0.124318 
84 991.846 0.248379 946.431 0.164147 898.981 0.164876 614.112 0.120362 
85 1035.41 0.249381 989.909 0.161931 941.72 0.142562 655.026 0.131671 
86 1017.7 0.195348 972.145 0.142462 924.06 0.160941 637.027 0.124179 
87 1025.83 0.22198 980.259 0.154907 932.442 0.172274 645.914 0.131592 
88 1015.64 0.214317 970.633 0.143871 922.424 0.149184 635.842 0.120403 
89 984.154 0.224177 938.41 0.152616 889.854 0.150579 602.929 0.130525 
90 1020.52 0.244632 974.898 0.170624 926.712 0.169625 639.473 0.149993 
91 1007.08 0.248412 961.592 0.199162 913.761 0.193456 626.556 0.153871 
92 1033.06 0.211674 987.791 0.179839 939.611 0.186339 652.547 0.134501 
93 1027.79 0.245126 982.152 0.179446 933.871 0.179158 646.138 0.147028 
94 1032.45 0.265872 987.054 0.228004 938.424 0.206813 650.476 0.166108 
95 1022.23 0.249228 975.985 0.208736 928.319 0.180107 639.195 0.138134 
96 1044.32 0.230861 998.885 0.178073 950.308 0.184254 661.664 0.142205 
97 1045.76 0.237713 998.175 0.172938 948.403 0.177067 650.224 0.144261 
98 1042.28 0.235221 994.439 0.170118 944.853 0.169136 645.948 0.143684 
99 1027.95 0.272903 980.821 0.175478 931.107 0.181332 633.922 0.136065 
100 1033.65 0.239759 986.862 0.16909 936.935 0.179123 638.863 0.158555 
101 1051.86 0.242097 1004.31 0.17302 954.14 0.188428 657.097 0.144461 
102 1038 0.229984 990.303 0.222325 940.165 0.23579 640.843 0.142342 
103 1061.01 0.218202 1012.74 0.189791 962.733 0.177747 663.713 0.154026 
104 1057.23 0.218048 1008.83 0.214133 959.071 0.183956 659.215 0.145672 
105 1052.2 0.259017 1004.24 0.225431 954.605 0.185174 654.737 0.148558 
106 1057.42 0.277011 1009.66 0.207816 959.545 0.192778 659.41 0.153968 
107 1074.39 0.232502 1026.11 0.191576 976.216 0.20157 674.769 0.16184 
108 1081.83 0.266641 1033.69 0.218792 983.667 0.241935 682.796 0.15868 
109 1065.14 0.313109 1017.86 0.194178 967.161 0.183627 667.304 0.169395 
110 1061.16 0.23725 1014.06 0.198746 963.397 0.234605 662.822 0.147897 
111 1080.7 0.228103 1032.27 0.225586 982.484 0.21082 681.728 0.161015 
112 1038.34 0.279357 990.077 0.218371 940.198 0.30748 642.579 0.165578 
113 974.614 0.250337 928.581 0.179979 879.71 0.177299 588.154 0.133337 
114 1008.43 0.216118 961.224 0.170913 912.186 0.159767 616.733 0.121228 
115 994.991 0.215926 948.466 0.175812 898.764 0.147154 603.71 0.108226 
116 999.852 0.250538 952.802 0.161072 903.409 0.153719 606.901 0.119089 
117 1028.47 0.196425 981.737 0.159792 932.143 0.169773 635.66 0.119847 
118 1018.73 0.219963 971.481 0.149921 922.198 0.152524 625.706 0.121567 
119 1020.52 0.207725 972.837 0.154871 922.897 0.157476 625.46 0.125037 
120 987.251 0.219848 941.842 0.1725 893.096 0.1608 604.078 0.121343 
121 1047.14 0.234411 1000.35 0.174848 950.426 0.158713 652.598 0.132352 
122 1015.65 0.266983 969.019 0.170097 918.965 0.1585 621.434 0.122704 
123 1025.88 0.22402 979.842 0.205995 930.605 0.183283 637.487 0.138206 
124 995.189 0.252941 947.624 0.181871 898.149 0.172013 602.169 0.130069 
125 1020.35 0.227833 973.179 0.169697 922.806 0.17592 625.084 0.134904 
126 999.069 0.225907 951.393 0.188851 901.497 0.177134 603.893 0.144371 
127 991.378 0.248377 943.787 0.205372 894.445 0.152909 597.872 0.142323 
128 1028.53 0.214073 981.53 0.177881 932.086 0.154988 633.026 0.144193 
