1 858.99 0.306883 814.509 0.238582 767.631 0.233744 484.084 0.222685 
2 857.577 0.286587 812.647 0.201449 765.863 0.18001 483.155 0.198356 
3 865.58 0.281032 820.22 0.216816 773.82 0.204729 492.397 0.17689 
4 880.481 0.460903 834.535 0.247675 787.971 0.204954 507.1 0.17952 
5 872.476 0.400972 827.631 0.228012 780.711 0.187252 500.076 0.209311 
6 869.911 0.244923 824.759 0.21585 777.786 0.219267 496.954 0.182456 
7 865.108 0.238497 820.126 0.249512 772.986 0.203922 490.682 0.18723 
8 886.052 0.305022 841.192 0.223075 794.037 0.203875 511.924 0.201986 
9 862.885 0.275109 817.602 0.207541 770.628 0.182485 488.159 0.198396 
10 864.806 0.280664 820.243 0.208313 772.957 0.172436 491.522 0.205668 
11 870.311 0.278 825.162 0.225318 778.084 0.206577 495.234 0.197017 
12 873.759 0.265575 829.014 0.216075 781.112 0.186382 498.436 0.185354 
13 855.682 0.279151 811.08 0.255523 763.953 0.237732 480.497 0.206996 
14 853.317 0.772258 807.301 0.510148 761.473 0.518511 480.798 0.66448 
15 894.071 0.321575 849.229 0.224697 801.926 0.222638 520.501 0.204541 
16 851.045 0.364178 807.69 0.442437 760.974 0.27626 480.975 0.275934 
17 896.968 0.257852 853.557 0.235857 806.418 0.181727 527.283 0.180681 
18 872.601 0.208726 828.561 0.143461 781.717 0.1649 503.485 0.126496 
19 883.111 0.213339 838.891 0.159395 792.415 0.162849 513.546 0.122782 
20 872.981 0.187284 829.123 0.15158 783.042 0.149744 508.17 0.112843 
21 869.69 0.210783 825.336 0.158711 778.317 0.168449 498.952 0.126008 
22 900.073 0.221273 856.236 0.158495 809.381 0.159224 531.194 0.125399 
23 886.884 0.203357 842.856 0.161322 795.903 0.155559 516.165 0.118057 
24 884.26 0.214409 840.371 0.163247 793.896 0.159079 514.735 0.129845 
25 879.169 0.196922 834.554 0.166326 788.257 0.168963 509.55 0.123579 
26 874.109 0.34374 828.477 0.266323 781.87 0.24424 501.089 0.244693 
27 875.806 0.198449 831.906 0.162706 786.101 0.164998 510.592 0.118613 
28 876.424 0.234507 831.611 0.155873 784.43 0.146244 503.548 0.123365 
29 898.043 0.205708 853.746 0.161981 805.756 0.176627 522.471 0.133644 
30 900.099 0.195058 855.594 0.163231 808.364 0.172542 527.281 0.122667 
31 891.387 0.204285 846.773 0.157553 799.367 0.160728 517.438 0.128063 
32 890.532 0.242036 845.351 0.182244 797.729 0.148794 514.84 0.127905 
33 952.793 0.258734 906.449 0.22401 857.441 0.179758 564.657 0.160109 
34 957.552 0.236754 911.203 0.170778 862.181 0.160439 570.915 0.14057 
35 944.568 0.19937 897.644 0.186289 848.76 0.18035 556.736 0.132737 
36 961.151 0.214524 914.415 0.170873 865.603 0.160104 573.862 0.137265 
37 937.307 0.210048 891.179 0.171274 842.713 0.167838 553.255 0.140708 
38 938.37 0.21879 892.568 0.163267 843.825 0.189623 552.687 0.132 
39 960.312 0.217309 913.594 0.176326 864.661 0.176906 572.638 0.134555 
40 937.732 0.214443 890.768 0.179432 842.536 0.161511 552.752 0.142211 
41 952.665 0.212111 906.487 0.16475 858.154 0.168878 568.282 0.142474 
42 959.38 0.245582 912.726 0.179747 863.951 0.190993 572.085 0.139017 
43 953.425 0.244778 907.083 0.180239 858.583 0.16366 568.452 0.135542 
44 944.803 0.225132 897.986 0.175959 849.453 0.168196 558.629 0.136029 
45 954.86 0.237219 908.513 0.182731 859.477 0.188392 567.398 0.158301 
46 946.535 0.212734 900.381 0.167483 851.381 0.195118 560.54 0.13028 
47 941.715 0.229162 895.799 0.186793 847.051 0.183735 557.525 0.151635 
48 954.34 0.280297 907.155 0.2305 858.685 0.212273 566.74 0.181023 
49 944.526 0.245506 899.693 0.259968 852.406 0.211473 568.885 0.180793 
50 926.095 0.223787 881.562 0.162901 833.995 0.165174 551.714 0.12789 
51 944.862 0.20606 899.537 0.151076 852.731 0.149299 569.104 0.128491 
52 942.796 0.202514 897.916 0.157204 850.475 0.156016 567.498 0.128848 
53 939.344 0.240693 894.064 0.153142 846.444 0.157513 561.194 0.133528 
54 942.119 0.226373 896.988 0.154006 849.812 0.153995 566.333 0.125564 
55 927.487 0.196911 882.203 0.168116 835.596 0.153481 552.716 0.134778 
56 910.478 0.202147 865.567 0.154421 818.347 0.155484 536.527 0.120271 
57 936.65 0.192488 891.957 0.145086 844.286 0.160552 563.246 0.143644 
58 963.674 0.221367 918.888 0.173222 871.444 0.159947 588.706 0.137381 
59 951.083 0.197661 905.423 0.1798 858.194 0.147434 574.484 0.11382 
60 936.15 0.199954 890.924 0.165978 842.922 0.17173 560.101 0.133278 
61 942.885 0.205154 898.058 0.16126 850.918 0.152137 567.843 0.13202 
62 931.107 0.225437 886.013 0.166479 838.968 0.168641 556.42 0.124835 
63 936.487 0.1897 891.632 0.161456 844.105 0.155328 559.788 0.135375 
64 940.818 0.237263 895.45 0.172555 847.756 0.179884 563.886 0.155401 
65 879.497 0.316579 832.59 0.227977 783.302 0.225172 490.126 0.200707 
66 862.295 0.241682 816.239 0.2935 767.349 0.200309 476.268 0.178432 
67 885.154 0.228234 838.442 0.191528 789.443 0.204906 495.929 0.182443 
68 882.352 0.296572 836.247 0.256679 786.894 0.194005 492.965 0.19234 
69 881.872 0.226324 834.929 0.221176 785.551 0.21201 492.288 0.16241 
70 857.053 0.264281 810.773 0.222728 762.362 0.19497 468.658 0.190909 
71 888.053 0.306786 840.492 0.216456 791.979 0.262478 497.753 0.175005 
72 868.661 0.240542 822.77 0.216616 773.39 0.190584 480.274 0.162465 
73 861.45 0.257178 814.737 0.261285 765.907 0.17394 472.933 0.174779 
74 884.021 0.286916 837.497 0.197823 788.452 0.19803 493.79 0.169638 
75 870.174 0.249479 822.373 0.215209 773.458 0.195568 478.158 0.17522 
76 858.334 0.272244 811.484 0.247093 762.434 0.195656 467.115 0.183134 
77 878.419 0.269482 831.659 0.261475 783.253 0.192676 488.729 0.190744 
78 876.16 0.313878 829.866 0.202202 780.726 0.200198 488.209 0.179713 
79 865.054 0.275988 819.557 0.267729 770.893 0.19744 478.191 0.165356 
80 882.146 0.354911 834.862 0.302449 786.434 0.266965 492.832 0.212919 
81 876.983 0.265405 831.105 0.214476 783.747 0.2083 497.698 0.167404 
82 877.063 0.215205 832.317 0.160601 785.037 0.157884 500.876 0.133313 
83 872.509 0.205732 826.529 0.159552 778.843 0.161079 493.753 0.128607 
84 884.499 0.215317 839.131 0.157145 791.799 0.169927 507.091 0.125385 
85 867.695 0.213116 822.117 0.161649 774.341 0.156337 489.799 0.126238 
86 881.084 0.218862 835.763 0.172806 788.222 0.141469 502.595 0.131392 
87 878.186 0.194065 832.895 0.160299 785.023 0.151258 500.439 0.121297 
88 884.606 0.181195 839.412 0.144771 791.362 0.161851 506.354 0.124022 
89 888.369 0.176739 842.883 0.16184 795.628 0.172648 510.832 0.117865 
90 860.202 0.196869 815.217 0.162012 767.579 0.166742 482.045 0.139582 
91 875.615 0.206615 830.212 0.154624 782.496 0.163774 497.659 0.135922 
92 891.36 0.211566 845.921 0.157519 797.911 0.176143 512.429 0.121171 
93 884.728 0.253368 839.518 0.177153 791.787 0.174867 506.569 0.123038 
94 880.135 0.220817 834.277 0.157921 786.601 0.159029 501.532 0.121974 
95 873.673 0.430728 827.403 0.532686 779.063 0.452146 494.649 0.569088 
96 872.172 0.230808 826.554 0.160059 778.61 0.184815 492.427 0.133307 
97 848.995 0.438935 804.523 0.349746 757.708 0.341698 476.061 0.43711 
98 815.8 0.296611 770.834 0.169788 723.909 0.195263 442.828 0.152946 
99 817.465 0.246396 772.62 0.171464 725.561 0.165718 443.888 0.186107 
100 815.486 0.225079 770.849 0.180002 723.964 0.216036 442.248 0.144869 
101 816.259 0.233484 771.811 0.186743 725.067 0.155437 444.13 0.154921 
102 819.003 0.252556 774.852 0.175607 728.376 0.16555 449.205 0.141757 
103 811.093 0.224503 766.205 0.197439 719.382 0.180827 437.942 0.140462 
104 834.824 0.216231 790.185 0.164663 743.363 0.185535 463.804 0.1624 
105 817.007 0.249001 772.936 0.166671 725.909 0.167088 446.64 0.168608 
106 825.343 0.232797 780.82 0.170705 733.984 0.185017 453.101 0.151519 
107 822.639 0.214466 777.497 0.179472 730.604 0.200836 450.114 0.155728 
108 816.856 0.230994 772.569 0.157259 725.565 0.153434 443.324 0.165845 
109 808.503 0.232801 763.597 0.204117 717.314 0.197401 437.376 0.140526 
110 824.581 0.209063 779.746 0.205611 732.782 0.178067 450.604 0.147688 
111 820.929 0.225936 776.112 0.222443 728.809 0.172854 446.685 0.161958 
112 805.969 0.27489 761.107 0.235081 714.643 0.262381 432.754 0.213867 
113 845.455 0.263871 800.304 0.198352 754.028 0.201351 471.338 0.164802 
114 859.126 0.213722 813.872 0.174797 766.699 0.147418 485.864 0.125288 
115 837.634 0.2011 793.297 0.157261 746.632 0.149182 468.187 0.113949 
116 853.649 0.234755 809.505 0.163947 762.449 0.144683 481.341 0.117896 
117 836.686 0.226997 791.405 0.174126 744.508 0.15101 463.319 0.132729 
118 854.433 0.20007 809.733 0.168866 763.058 0.154861 481.872 0.122109 
119 860.534 0.197811 815.105 0.15486 768.684 0.146982 487.378 0.118617 
120 835.373 0.197547 791.136 0.163227 744.335 0.164157 464.193 0.115226 
121 854.157 0.211903 809.785 0.183103 762.957 0.144995 484.456 0.115268 
122 850.589 0.227874 805.766 0.166269 758.699 0.15122 477.07 0.123179 
123 844.329 0.189143 799.351 0.170866 752.614 0.166245 470.992 0.142016 
124 854.446 0.214003 809.401 0.160492 762.557 0.165221 481.789 0.131926 
125 848.609 0.236673 804.229 0.17771 757.418 0.161089 477.329 0.133167 
126 863.586 0.212505 819.463 0.170464 772.355 0.151424 491.597 0.117618 
127 845.144 0.219434 800.706 0.153665 753.79 0.167494 473.87 0.127634 
128 875 0.221783 830.544 0.16648 783.16 0.153968 501.762 0.14569 
