1 4524.36 0.200401 
2 4678.12 0.139856 
3 4606.06 0.251391 
4 4723.92 0.259027 
5 4688.58 0.20396 
6 4796.72 0.320185 
7 4741.74 0.239516 
8 4819.88 0.553198 
9 4781.58 0.25966 
10 4961.48 0.378909 
11 4797.71 0.247229 
12 4927.33 0.38245 
13 4766.21 0.415254 
14 5030.68 0.48138 
15 4820.55 0.41737 
16 4896.58 0.363401 
17 4704.14 0.339498 
18 4897.74 0.321578 
19 4974.43 0.566209 
20 4974.09 0.337436 
21 4868.08 0.318992 
22 5060.79 0.681805 
23 4795.03 0.386558 
24 4989.04 0.44706 
25 4848.97 0.556341 
26 4977.61 0.559934 
27 4798.3 0.591058 
28 4924.27 0.554241 
29 4668.49 0.567024 
30 4767.11 0.480664 
31 4724.16 0.552794 
32 4865.41 0.483022 
33 4454.27 0.118652 
34 4404.42 0.111657 
35 4462.21 0.140103 
36 4551.76 0.112522 
37 4597.87 0.111927 
38 4578.63 0.125792 
39 4648.51 0.134346 
40 4549.62 0.112831 
41 4718.96 0.105856 
42 4741.42 0.110606 
43 4815.68 0.0959625 
44 4763.01 0.11336 
45 4836.15 0.117873 
46 4748.64 0.155596 
47 4810.01 0.120681 
48 4761.98 0.128532 
49 4926.87 0.134342 
50 4758.79 0.181019 
51 4868.64 0.158542 
52 4755.2 0.201106 
53 4970.92 0.224727 
54 4791.13 0.256066 
55 4868.22 0.294077 
56 4759.44 0.344314 
57 4902.22 0.295203 
58 4814.94 0.559605 
59 4926.07 0.5057 
60 4697.35 0.408635 
61 4869.16 0.385803 
62 4732.35 0.494589 
63 4811.52 0.404592 
64 4716.23 0.388846 
65 4353.38 0.132099 
66 4296.22 0.14355 
67 4428.36 0.152192 
68 4286.8 0.162845 
69 4539.56 0.159727 
70 4320.32 0.172954 
71 4560.36 0.148062 
72 4387.15 0.16502 
73 4576.4 0.143841 
74 4405.24 0.296705 
75 4738.73 0.160963 
76 4351.93 0.150683 
77 4750.09 0.166823 
78 4406.18 0.177731 
79 4576.32 0.200288 
80 4377.55 0.211488 
81 4720.44 0.23518 
82 4514.6 0.257503 
83 4713.86 0.269599 
84 4477.78 0.293551 
85 4782.07 0.314939 
86 4573.37 0.321014 
87 4797.19 0.344325 
88 4506.37 0.342353 
89 4727.68 0.358667 
90 4496.06 0.376316 
91 4818.39 0.418121 
92 4481.62 0.422171 
93 4806.14 0.401639 
94 4426.92 0.437505 
95 4667.54 0.44448 
96 4464.76 0.411365 
97 4337.71 0.226977 
98 4862.18 0.315359 
99 4348.87 0.210262 
100 4855.55 0.227979 
101 4407.71 0.173492 
102 4980.11 0.370575 
103 4524.5 0.185494 
104 5015.17 0.210256 
105 4501.37 0.142932 
106 5087.92 0.242372 
107 4585.29 0.15608 
108 5096.61 0.179146 
109 4584.6 0.157512 
110 5040.81 0.338477 
111 4554.3 0.195843 
112 5096.2 0.270077 
113 4729.38 0.25511 
114 5190 0.274954 
115 4746.39 0.284454 
116 5171.89 0.499053 
117 4796.2 0.30968 
118 5225.1 0.37261 
119 4813.69 0.339034 
120 5221.44 0.423696 
121 4787.52 0.435954 
122 5298.13 0.520648 
123 4655.36 0.421295 
124 5222.96 0.502259 
125 4644.15 0.504818 
126 5093 0.494088 
127 4636.07 0.488321 
128 5125.28 0.447646 
