1 4994.8 0.302059 
2 4716.92 6.73339 
3 5027.12 0.561526 
4 4790.11 0.652203 
5 5201.65 0.451547 
6 4797.64 0.636452 
7 5180.02 0.573786 
8 4853.06 0.461297 
9 5305.2 0.394726 
10 4916 0.451152 
11 5249.93 0.465576 
12 5019.47 0.551834 
13 5315.57 0.568662 
14 4929.57 0.697956 
15 5191.15 0.721161 
16 5032.3 0.817794 
17 5336.52 0.972691 
18 4987.82 0.881358 
19 5453.56 1.22646 
20 4928.99 0.722985 
21 5370.49 4.32891 
22 5013.89 2.17419 
23 5335.67 1.31798 
24 5049.97 3.02651 
25 5386.5 2.80087 
26 4881.63 3.77594 
27 5347.99 5.4729 
28 4870.48 1.90429 
29 5339.46 2.14647 
30 4875.31 2.17207 
31 5244.93 1.03908 
32 4826.15 5.85668 
33 4720 1.033 
34 4505.63 0.948904 
35 4678.16 0.640047 
36 4676.15 0.523249 
37 4887.77 0.912281 
38 4536.01 1.04686 
39 4780.17 0.595768 
40 4629.63 1.55087 
41 4793.07 0.539135 
42 4910.28 0.209802 
43 4938.52 0.253202 
44 4936.9 0.266244 
45 4836.2 0.554935 
46 4684.37 0.55202 
47 4898.85 0.314751 
48 4612.49 0.24685 
49 5050.73 0.241072 
50 4882.14 0.214149 
51 4813.62 0.380985 
52 4946.82 0.300426 
53 5156.23 0.479185 
54 4770.4 2.61255 
55 4910.44 2.54188 
56 4714.62 6.78484 
57 4698.02 2.88884 
58 4618.2 4.33333 
59 5064.11 6.11847 
60 4672.71 4.63693 
61 4737.9 3.49122 
62 4616.84 16.8647 
63 8370.72 9952.43 
64 4330.26 36.616 
65 4603.92 0.364787 
66 5003.22 0.331177 
67 4648.71 0.343068 
68 4995.04 0.317036 
69 4712.39 0.375915 
70 5062.61 0.369058 
71 4816.32 0.387109 
72 4958.37 0.732102 
73 4873.22 0.347965 
74 5484.33 130.821 
75 4914.8 0.391317 
76 5298.78 0.399372 
77 4865.13 0.526945 
78 5292.18 0.561005 
79 4852.19 0.602036 
80 5188.12 0.625772 
81 4993.64 0.980575 
82 5269.72 1.17573 
83 4989.51 1.66555 
84 5285.65 1.55455 
85 4978.17 2.34514 
86 5267.32 2.80239 
87 5110.18 3.00522 
88 5239.95 3.83777 
89 4941.5 2.89335 
90 5256.14 3.66444 
91 4862.99 2.92842 
92 5333.84 2.59165 
93 4933.26 12.0215 
94 5246.5 3.50092 
95 4843.67 8.21315 
96 5085.94 6.8958 
97 4701.67 0.367126 
98 4518.79 0.788451 
99 4793.92 0.334723 
100 4678.24 0.354371 
101 4920.88 0.353653 
102 4634.04 0.929721 
103 4629.3 0.531131 
104 4803.96 0.499277 
105 4931.07 0.505881 
106 4694.06 0.824954 
107 4894.65 0.760339 
108 4827.64 0.418503 
109 4935.51 0.549413 
110 4688.7 1.37568 
111 4601.51 0.899934 
112 4744.7 2.16603 
113 4743.33 1.2578 
114 4890.33 3.13254 
115 4864.13 3.3941 
116 4997.99 2.81878 
117 4944.31 3.39463 
118 4997.79 3.8632 
119 4970.28 3.91083 
120 4915 9.19997 
121 4955.15 7.09908 
122 5039.96 3.35304 
123 4932.62 4.63408 
124 4919.72 2.9887 
125 5014.54 3.15628 
126 4849.43 8.22347 
127 4869.32 5.74632 
128 4811.68 11.9492 
