1        1        42.25        123.86        -300
1        2        -42.25        123.86        -300
1        3        -125.375        84.5        -300
1        4        -125.375        0        -300
1        5        -125.375        -84.5        -300
1        6        -42.25        -123.86        -300
1        7        42.25        -123.86        -300
1        8        125.375        -84.5        -300
1        9        125.375        0        -300
1        10        125.375        84.5        -300
2        1        126.75        167.715        -218
2        2        42.25        167.715        -218
2        3        -42.25        167.715        -218
2        4        -126.75        167.715        -218
2        5        -167.625        84.5        -218
2        6        -167.625        0        -218
2        7        -167.625        -84.5        -218
2        8        -126.75        -167.715        -218
2        9        -42.25        -167.715        -218
2        10        42.25        -167.715        -218
2        11        126.75        -167.715        -218
2        12        167.625        -84.5        -218
2        13        167.625        0        -218
2        14        167.625        84.5        -218
3        1        118        213.725        -147.5
3        2        59        223.885        -147.5
3        3        0        233.79        -147.5
3        4        -59        223.885        -147.5
3        5        -118        213.725        -147.5
3        6        -204.58        177        -147.5
3        7        -212.965        118        -147.5
3        8        -233.03        59        -147.5
3        9        -238.235        0        -147.5
3        10        -233.03        -59        -147.5
3        11        -212.965        -118        -147.5
3        12        -204.58        -177        -147.5
3        13        -118        -213.725        -147.5
3        14        -59        -223.885        -147.5
3        15        0        -233.79        -147.5
3        16        59        -233.885        -147.5
3        17        118        -213.725        -147.5
3        18        204.58        -177        -147.5
3        19        212.965        -118        -147.5
3        20        233.03        -59        -147.5
3        21        238.235        0        -147.5
3        22        233.03        59        -147.5
3        23        212.965        118        -147.5
3        24        204.58        177        -147.5
4        1        118        213.725        -88.5
4        2        59        238.87        -88.5
4        3        0        258.685        -88.5
4        4        -59        238.87        -88.5
4        5        -118        213.725        -88.5
4        6        -204.58        177        -88.5
4        7        -225.155        118        -88.5
4        8        -255.38        59        -88.5
4        9        -268.78        0        -88.5
4        10        -255.38        -59        -88.5
4        11        -225.155        -118        -88.5
4        12        -204.58        -177        -88.5
4        13        -118        -213.725        -88.5
4        14        -59        -238.87        -88.5
4        15        0        -258.685        -88.5
4        16        59        -238.87        -88.5
4        17        118        -213.725        -88.5
4        18        204.58        -177        -88.5
4        19        225.155        -118        -88.5
4        20        255.38        -59        -88.5
4        21        268.78        0        -88.5
4        22        255.38        59        -88.5
4        23        225.155        118        -88.5
4        24        204.58        177        -88.5
5        1        118        213.725        -29.5
5        2        59        248.78        -29.5
5        3        0        283.83        -29.5
5        4        -59        248.78        -29.5
5        5        -118        213.725        -29.5
5        6        -204.58        177        -29.5
5        7        -230.235        118        -29.5
5        8        -265.29        59        -29.5
5        9        -287.64        0        -29.5
5        10        -265.29        -59        -29.5
5        11        -230.235        -118        -29.5
5        12        -204.58        -177        -29.5
5        13        -118        -213.725        -29.5
5        14        -59        -248.78        -29.5
5        15        0        -283.83        -29.5
5        16        59        -248.78        -29.5
5        17        118        -213.725        -29.5
5        18        204.58        -177        -29.5
5        19        230.235        -118        -29.5
5        20        265.29        -59        -29.5
5        21        287.64        0        -29.5
5        22        265.29        59        -29.5
5        23        230.235        118        -29.5
5        24        204.58        177        -29.5
6        1        118        213.725        29.5
6        2        59        248.78        29.5
6        3        0        283.83        29.5
6        4        -59        248.78        29.5
6        5        -118        213.725        29.5
6        6        -204.58        177        29.5
6        7        -230.235        118        29.5
6        8        -265.29        59        29.5
6        9        -287.64        0        29.5
6        10        -265.29        -59        29.5
6        11        -230.235        -118        29.5
6        12        -204.58        -177        29.5
6        13        -118        -213.725        29.5
6        14        -59        -248.78        29.5
6        15        0        -283.83        29.5
6        16        59        -248.78        29.5
6        17        118        -213.725        29.5
6        18        204.58        -177        29.5
6        19        230.235        -118        29.5
6        20        265.29        -59        29.5
6        21        287.64        0        29.5
6        22        265.29        59        29.5
6        23        230.235        118        29.5
6        24        204.58        177        29.5
7        1        118        213.725        88.5
7        2        59        238.87        88.5
7        3        0        258.685        88.5
7        4        -59        238.87        88.5
7        5        -118        213.725        88.5
7        6        -204.58        177        88.5
7        7        -225.155        118        88.5
7        8        -255.38        59        88.5
7        9        -268.78        0        88.5
7        10        -255.38        -59        88.5
7        11        -225.155        -118        88.5
7        12        -204.58        -177        88.5
7        13        -118        -213.725        88.5
7        14        -59        -238.87        88.5
7        15        0        -258.685        88.5
7        16        59        -238.87        88.5
7        17        118        -213.725        88.5
7        18        204.58        -177        88.5
7        19        225.155        -118        88.5
7        20        255.38        -59        88.5
7        21        268.78        0        88.5
7        22        255.38        59        88.5
7        23        225.155        118        88.5
7        24        204.58        177        88.5
8        1        118        213.725        147.5
8        2        59        223.885        147.5
8        3        0        233.79        147.5
8        4        -59        223.885        147.5
8        5        -118        213.725        147.5
8        6        -204.58        177        147.5
8        7        -212.965        118        147.5
8        8        -233.03        59        147.5
8        9        -238.235        0        147.5
8        10        -233.03        -59        147.5
8        11        -212.965        -118        147.5
8        12        -204.58        -177        147.5
8        13        -118        -213.725        147.5
8        14        -59        -223.885        147.5
8        15        0        -233.79        147.5
8        16        59        -233.885        147.5
8        17        118        -213.725        147.5
8        18        204.58        -177        147.5
8        19        212.965        -118        147.5
8        20        233.03        -59        147.5
8        21        238.235        0        147.5
8        22        233.03        59        147.5
8        23        212.965        118        147.5
8        24        204.58        177        147.5
9        1        126.75        167.715        218
9        2        42.25        167.715        218
9        3        -42.25        167.715        218
9        4        -126.75        167.715        218
9        5        -167.625        84.5        218
9        6        -167.625        0        218
9        7        -167.625        -84.5        218
9        8        -126.75        -167.715        218
9        9        -42.25        -167.715        218
9        10        42.25        -167.715        218
9        11        126.75        -167.715        218
9        12        167.625        -84.5        218
9        13        167.625        0        218
9        14        167.625        84.5        218
10       1        42.25        123.86        300
10       2        -42.25        123.86        300
10       3        -125.375        84.5        300
10       4        -125.375        0        300
10       5        -125.375        -84.5        300
10       6        -42.25        -123.86        300
10       7        42.25        -123.86        300
10       8        125.375        -84.5        300
10       9        125.375        0        300
10       10        125.375        84.5        300
