1173.24 0.003
1332.51 0.004
898.042 0.003
1836.06 0.012
4438.94 0.05
-1 -1
-1 -1
6.93011e-310 0
1.061e-313 3.15991e-316
2.37152e-322 2.37152e-322
-1 -1
-1 -1
0 0
1.90903e-316 1.90903e-316
2.37152e-322 2.37152e-322
-1 -1
-1 -1
6.93011e-310 0
2.47033e-323 1.90903e-316
2.37152e-322 2.37152e-322
-1 -1
-1 -1
6.93011e-310 0
7.85531e-90 1.90903e-316
2.37152e-322 2.37152e-322
-1 -1
-1 -1
0 0
1.90903e-316 1.90903e-316
2.37152e-322 2.37152e-322
-1 -1
-1 -1
2.56006e-316 0
2.59526e-316 0
2.37152e-322 2.37152e-322
-1 -1
-1 -1
0 0
0 0
2.31444e-316 2.31473e-316
-1 -1
-1 -1
2.59656e-316 6.93011e-310
6.93011e-310 2.122e-314
2.37152e-322 6.95305e-310
-1 -1
-1 -1
1.65781e-316 0
1.81937e-316 2.56021e-316
2.03482e-316 6.93011e-310
-1 -1
-1 -1
6.93011e-310 6.93011e-310
6.93001e-310 1.4822e-323
0 0
-1 -1
-1 -1
0 6.93011e-310
0 6.93011e-310
0 6.93011e-310
-1 -1
-1 -1
6.93011e-310 6.93011e-310
1.4822e-323 6.93011e-310
0 6.93011e-310
665.995 1.13438
742.96 1.96812
531.081 1.02809
986.625 2.14593
1993.36 7.30304
752.258 2.12943
839.803 1.17622
606.016 1.09279
1115.58 1.42935
2563.67 6.5017
771.686 1.28548
859.785 0.909474
626.17 1.63595
1133.08 1.30001
2507.74 4.64509
798.032 1.18662
890.555 1.13612
642.525 0.744377
1180.17 1.36162
2672.42 4.75896
-1 -1
-1 -1
0 1.86922e-306
2.46162e-316 7.63956e-313
0 2.37152e-322
-1 -1
-1 -1
0 2.5935e-316
1.90903e-316 2.48011e-316
9.28602e+242 5.83001e+199
-1 -1
-1 -1
0 6.93011e-310
2.48011e-316 1.4822e-323
2.37152e-322 0
-1 -1
-1 -1
0 6.93011e-310
0 1.4822e-323
0 0
-1 -1
-1 -1
6.93011e-310 0
2.47033e-323 0
2.55689e-316 0
-1 -1
-1 -1
0 1.58101e-322
0 6.32404e-322
0 2.43679e-316
-1 -1
-1 -1
6.93011e-310 6.93011e-310
6.93011e-310 6.93011e-310
6.93011e-310 6.93011e-310
-1 -1
-1 -1
2.43767e-316 1.58101e-322
2.33137e-316 1.58101e-322
7.26906e+223 2.40741e-316
-1 -1
-1 -1
2.42727e-316 3.16202e-322
2.49806e-316 2.03482e-316
1.67792e+243 2.03482e-316
-1 -1
-1 -1
0 0
0 0
0 0
-1 -1
-1 -1
0 6.93011e-310
0 8.48798e-314
2.37152e-322 2.11395e-316
-1 -1
-1 -1
2.31007e-316 0
0 5.10637e-310
3.16202e-322 0
1024.01 0.952092
1144.91 0.910283
818.49 3.10754
1512.82 2.23919
3426.81 4.28751
811.851 0.656096
905.1 0.852591
651.194 0.587088
1200.58 1.18078
2722.02 3.87947
887.417 0.842972
987.213 0.799119
715.888 1.3833
1300.07 1.12173
2924.3 5.42199
872.444 0.985418
970.744 0.828638
705.732 0.740689
1284.42 1.37364
2914.02 6.46258
675.93 1.05632
755.929 2.2731
542.188 1.20517
1009.14 0.720329
2292.05 1.31975
713.501 1.00238
713.501 1.00238
573.725 0.995459
1046.85 0.414571
2109.03 2.05209
635.95 1.16568
708.321 1.00688
509.16 0.668013
944.283 0.872738
2148.25 1.41301
680.144 0.837018
763.059 1.04391
542.853 0.879515
1016.87 0.417749
2342.02 1.33594
708.399 1.40297
793.16 1.67273
577.112 0.767355
1043.44 0.48608
2341.92 1.69854
796.927 1.67329
889.985 1.0008
618.634 1.79925
1170.22 0.607836
3000.13 1.09443
752.93 1.31335
837.216 0.994521
606.118 0.760559
1111.49 0.473695
2521.88 1.54621
713.09 1.15998
791.912 1.32948
573.897 0.60198
1047.05 0.528084
2351.31 1.38004
702.434 0.827226
778.62 0.819242
567.499 0.894566
1025.8 0.553851
2292.67 1.42755
723.846 1.03867
807.334 0.928172
583.624 0.728073
1065.53 0.416009
2405.75 1.37022
754.733 1.18357
843.743 0.772047
604.517 0.909914
1116.17 0.415053
2542.4 1.19247
751.321 0.955479
838.262 0.671615
604.111 0.253577
1109.29 0.118159
2520.34 1.58214
775.691 1.1834
862.726 1.15675
633.724 0.448804
1133.62 0.193636
2524.47 1.71964
771.281 1.00713
859.157 0.85239
619.639 1.03749
1127.65 0.348837
2553.26 1.91733
-1 -1
-1 -1
2.35475e-316 0
0 0
3.16202e-322 0
708.575 3.64282
792.515 1.32844
577.601 1.87783
1042.5 0.433492
2340.51 1.33246
622.949 1.48688
689.535 0.743707
501.162 0.676911
913.705 1.48209
2070.41 4.29749
628.555 2.98715
701.34 1.76981
506.857 0.958115
935.095 3.4709
2084.44 4.69833
627.724 1.24289
693.714 0.849162
508.736 1.09249
908.43 1.7561
2037.58 3.49885
574.64 0.521008
637.294 0.559744
468.403 0.623814
831.772 0.635496
1856.12 3.04973
705.927 0.514527
784.33 0.634858
571.806 0.487414
1029.91 0.927692
2311.86 3.82026
713.127 0.668884
791.731 0.999138
577.288 0.77471
1041.75 0.911518
2339.75 3.73197
649.616 0.528355
719.441 0.62105
531.616 0.44643
937.341 0.871935
2067.72 3.4316
741.007 0.781098
820.319 1.05861
600.033 1.23538
1080.69 1.04076
2179.75 3.98291
684.09 1.19718
759.696 1.14599
555.455 0.504131
999.318 0.81025
2235.85 4.37026
684.209 0.932219
758.635 0.884048
548.97 0.875127
1002.63 1.02167
2264.42 3.95469
743.987 1.20211
822.133 0.8195
603.65 1.08513
1078.7 1.77912
2417.13 4.82787
706.759 0.509798
786.888 0.498609
572.711 0.665992
1031.53 0.687428
2317.71 4.65892
688.708 0.600992
763.131 0.610866
557.031 0.508801
1005.18 0.81423
2250.15 4.24911
699.122 0.825518
776.878 1.04617
566.79 0.835316
1019.22 0.938401
2291.56 4.39533
671.099 0.68111
744.009 0.781426
541.451 0.747687
981.584 0.877189
2214.6 4.33868
685.157 0.87985
758.838 1.21914
554.023 0.380164
1000.81 0.498236
2242.36 3.1225
625.838 0.951881
699.676 0.474342
501.653 0.101368
932.031 0.188647
2139.75 1.66412
607.148 1.45179
678.275 0.92988
491.161 0.179834
894.602 0.316781
2033.32 1.54984
661.183 0.908821
738.425 0.949214
528.385 0.870927
984.619 0.695468
2269.03 1.44425
659.956 0.738591
732.056 2.19448
531.962 0.509761
971.452 0.850297
2216.66 1.73258
690.883 0.773906
767.56 1.55014
557.471 0.562177
1005.92 0.871349
2267.54 1.07349
682.35 1.47805
759.489 1.479
544.052 0.594432
1017.78 0.606723
2329.78 1.70903
580.566 1.58004
651.181 0.725766
465.808 1.04659
864.067 0.414475
1988.86 1.42497
632.911 1.42998
705.421 0.976887
510.633 0.450094
934.754 0.625569
2120.9 1.35101
725.965 1.36566
808.715 1.14179
581.037 0.785753
1076.31 0.386605
2448.67 1.48028
477.837 1.13871
534.017 0.879354
388.291 0.572514
701.949 0.768852
1593.15 1.22081
612.492 1.34062
682.817 0.91874
488.727 1.91107
906.95 1.2439
2074.53 1.026
626.263 1.00599
702.029 0.743818
493.456 0.609922
945.039 1.117
2196.24 0.863353
765.028 0.912863
850.124 0.660427
618.764 0.695325
1125.74 1.10571
2259.37 1.70089
658.522 0.814674
738.007 0.872401
529.885 2.22547
984.668 1.19781
2277.32 0.932612
620.814 1.08729
692.392 0.767117
503.331 0.89888
913.764 1.25003
2055.62 0.954329
588.977 0.896826
659.645 0.884983
467.113 0.952592
881.569 1.11896
2042.41 1.11852
647.325 0.950933
716.598 0.839928
525.001 0.561801
944.051 0.901462
2113.22 5.14463
802.858 0.642722
892.97 0.731269
648.176 0.703728
1179.48 1.3432
2657.29 3.98174
774.603 0.673586
859.691 0.588896
624.676 1.00055
1135.77 0.748951
2557.53 3.63816
787.942 0.780158
878.311 0.722379
631.314 1.22164
1166.72 0.961612
2661.19 4.3553
785.63 1.06502
872.795 0.802665
633.935 0.930677
1153.85 1.03419
2612.48 4.74895
826.717 0.921568
922.266 0.882634
662.163 0.642617
1228.23 1.0719
2807.39 5.22515
761.532 1.09521
848.172 1.06175
615.803 0.637495
1117.87 0.503076
2528.35 4.67848
888.74 1.49526
989.688 1.52011
716.482 0.427172
1310.28 0.681154
2966.19 8.31167
834.197 0.936398
928 1.09796
673.927 1.06306
1218.34 1.53249
2743.02 5.68934
1043.27 1.09348
1170.29 1.04046
830.712 0.923558
1561.52 1.41061
4088.29 0.0653683
1039.67 1.08663
1162.31 1.28294
831.681 0.950925
1544.43 1.32366
3520.59 7.64413
-1 -1
-1 -1
2.41077e-316 2.59351e-316
2.4141e-316 2.30975e-316
0 6.93011e-310
648.928 0.680175
720.96 0.68707
528.787 0.47768
945.232 0.827487
2110.46 4.43491
680.809 0.597222
758.735 1.31983
550.26 0.277193
995.964 0.421012
2250.43 3.73876
750.313 1.33224
835.366 0.968213
605.656 0.496401
1099.83 0.589163
2468.67 3.62584
797.918 1.57371
886.252 0.984338
643.696 0.93993
1170.42 1.22326
2621.72 5.75685
762.891 1.48333
849.751 1.14693
610.494 2.41184
1128.66 1.47573
2577.13 5.4602
771.764 0.880476
858.31 0.964324
615.507 1.39127
1141.52 1.184
2327.15 2.60282
761.928 1.36942
852.728 0.977921
610.445 1.79657
1130.8 1.34156
2577.42 2.64054
765.19 1.05559
855.085 1.34322
615.473 4.46013
1129.54 1.83774
2299.8 4.08577
808.29 0.922282
901.326 0.885205
651.074 0.718663
1189.51 1.32678
2691.71 3.02061
767.828 1.14683
854.257 1.04812
620.397 1.30629
1123.68 1.31455
2509.79 3.07461
765.645 1.12434
850.72 0.883322
612.993 0.929385
1119.56 1.39779
2468.26 3.76604
756.021 1.21233
851.425 1.04606
605.121 1.61066
1132.62 1.32377
2574.64 4.70705
795.404 1.10311
888.693 0.886947
640.924 0.968496
1174.8 1.47234
2670.37 2.62196
763.713 0.806363
850.774 0.665029
615.827 2.32247
1119.44 2.269
2525.07 2.74114
956.07 1.39931
1065.47 1.07081
767.978 1.09982
1415.01 1.43544
3192.71 2.20941
718.199 0.716418
799.08 0.824919
577.942 0.85521
1057.31 1.21106
2398.75 2.66679
747.661 0.815416
835.031 0.790527
603.054 2.99191
1103.32 1.73744
2514.35 4.96243
769.761 2.12772
858.99 1.05687
612.45 1.20711
1142.79 1.3853
2623.89 3.40782
719.518 1.88415
802.619 1.23954
573.619 1.31618
1064.52 1.69261
2440.26 3.42776
828.653 1.54268
925.638 1.04074
661.532 1.10478
1231.72 1.79541
2835.3 4.41759
644.521 0.310556
719.391 0.395992
515.428 0.292829
957.527 0.481745
2194.32 1.69977
660.07 0.281606
735.719 0.38694
529.842 0.38195
975.434 0.304272
2225.45 1.33248
737.516 0.622301
822.917 0.64147
592.615 0.844376
1094.13 0.583776
2493.62 2.44614
713.622 0.487588
795.74 0.618159
570.237 0.308585
1060.67 0.290358
2429.3 1.61167
702.673 0.563128
781.105 0.585894
567.682 0.218623
1029.88 0.182001
2326.33 1.61169
687.604 0.555726
763.808 0.602592
552.6 0.285714
1011.37 0.214594
2293.79 1.60735
697.242 0.303569
776.141 0.369717
563.187 0.31294
1021.57 0.338389
2298.54 1.04496
685.371 0.385809
764.479 0.42197
550.831 0.247659
1015.78 0.306268
2315.64 1.30847
712.861 0.49837
792.777 0.660681
575.01 0.251767
1042.52 0.2263
2352.35 1.38616
635.041 0.514302
705.489 0.408705
513.034 0.168778
930.128 0.210901
2092.4 1.32613
706.382 0.591004
784.252 0.58922
571.213 0.23185
1032.02 0.25759
2615.91 0.74149
697.966 0.404124
777.561 0.529891
561.488 0.443548
1026.28 0.400476
2324.94 1.27747
-1 -1
-1 -1
6.93011e-310 6.93011e-310
6.93011e-310 6.93011e-310
6.93011e-310 6.93011e-310
653.853 0.454555
728.862 0.582439
524.547 0.324774
965.699 0.31664
2196.48 1.48953
738.026 0.500317
820.499 0.428192
594.961 0.311526
1081.03 0.300059
2403.52 1.45698
667.592 0.805295
745.485 1.49643
533.89 0.858022
992.51 0.754536
2272.12 2.72361
876.785 0.871379
978.745 0.569978
702.467 1.11285
1295.53 0.947071
2967.27 2.56012
745.376 1.24741
830.146 0.764916
595.413 1.22082
1104.06 1.16307
2252.27 2.53487
746.108 1.38968
832.106 0.534082
593.905 1.0599
1107.63 0.801678
2276.38 2.32439
746.968 0.852887
832.602 0.582423
594.541 1.26549
1107.75 0.681897
2543.52 1.19491
750.067 0.730114
832.54 0.417758
607.541 0.951875
1095.94 0.472585
2475.75 0.98599
757.339 1.37124
841.847 0.69809
607.791 1.27094
1112.56 0.765136
2530.3 1.35899
776.84 1.06656
867.183 0.907321
626.47 0.954585
1144.1 0.832875
2606.41 1.59141
678.558 0.631608
754.668 0.545931
544.143 0.789131
996.918 0.574468
2264.2 0.976013
865.289 0.725323
966.085 0.500912
691.803 0.890198
1283.05 0.876765
2946.2 1.46335
673.719 0.417987
747.943 0.419064
543.507 0.716861
987.326 0.447087
1986.03 1.98834
726.977 0.583086
807.958 0.492993
589.824 0.858836
1062.67 0.561575
2401 1.12666
726.267 0.535957
808.807 0.438588
584.066 0.700629
1071.73 0.440708
2448.06 1.15533
699.852 0.499577
777.597 0.573599
563.555 0.562722
1027.41 0.479687
2081.95 2.27866
-1 -1
-1 -1
8.69556e-322 2.46016e-316
1.58101e-322 2.17418e-316
1.90899e-316 1.42291e-321
731.25 0.351538
813.884 0.323223
591.303 0.777006
1071.16 0.519177
2417.04 1.00369
755.869 0.446218
838.468 0.374548
609.493 0.656568
1106.05 0.619215
2222.21 1.85211
741.649 0.323853
823.734 0.302912
598.37 0.671972
1085.7 0.504035
2436.13 0.997872
655.461 0.210906
731.953 0.229862
523.767 0.283227
973.438 0.344732
2503.19 0.710873
758.095 0.393718
844.396 0.320433
609.941 0.659691
1116.31 0.642176
2527.46 1.33182
762.687 0.332056
849.31 0.294371
614.229 0.751475
1121.95 0.429081
2540.26 1.60109
650.568 0.216551
719.01 0.234683
534.103 0.258492
933.016 0.384685
2057.32 1.09617
705.921 0.306701
784.177 0.427019
572.454 0.472427
1028.86 0.688333
2322.8 1.17346
753.063 0.214187
834.682 0.174612
612.384 0.330908
1093.26 0.350912
2431.11 0.823971
716.893 0.191468
796.467 0.218373
578.363 0.326607
1050.36 0.314504
2372.64 0.86446
720.664 0.221568
802.739 0.176144
578.82 0.312984
1063.91 0.351714
2419.97 0.99188
736.956 0.439961
819.637 0.257495
595.5 0.4072
1078.69 0.506242
2435.75 1.33648
771.731 0.224324
859.531 0.185702
621.707 0.436383
1136.37 0.335906
2289.62 1.18363
749.706 0.209519
834.111 0.174524
605.075 0.353537
1100.15 0.395983
2494.8 0.879626
802.911 0.196427
893.424 0.227845
647.415 0.310582
1179.64 0.376372
2661.28 1.0074
794.092 0.221108
883.209 0.17458
641.186 0.22534
1165.23 0.283774
2631.2 0.97803
733.044 0.191245
815.234 0.16616
592.176 0.340726
1072.36 0.290425
2396.24 1.04972
745.235 0.24563
830.996 0.192453
598.464 0.463578
1100.42 0.369491
2489.98 0.732321
673.186 0.618686
752.956 1.08678
534.75 0.837773
1008.15 1.0573
2088.64 2.58059
658.364 0.882756
736.449 0.752316
528.986 0.775521
972.746 0.401956
2214.37 1.20622
645.174 0.944009
722.237 1.17957
516.762 0.676253
964.757 0.536519
2201.99 1.1186
633.017 1.67132
706.329 0.918079
503.41 1.2464
938.784 0.584225
2157.99 1.46563
714.612 0.314895
797.983 0.347203
571.97 0.536055
1063.52 0.396277
2442.53 0.917474
668.281 0.376546
747.895 0.409514
529.476 0.687816
1003.79 0.417537
2329.93 0.96474
712.705 0.806363
796.293 2.14651
567.745 1.72148
1058.76 1.06996
2433.63 1.64964
723.7 0.525811
807.189 0.41583
578.241 0.878875
1076.01 0.490803
2480.98 1.1117
711.036 1.60041
798.68 1.23014
558.406 1.26671
1064.89 0.766834
2487.15 1.61642
712.445 1.71345
794.985 1.16225
564.733 1.27131
1060.7 0.587617
2447.75 1.43754
757.455 0.703781
845.491 0.580925
607.46 1.36532
1125.78 0.507222
2600.55 2.00633
699.14 0.595689
784.952 0.594962
551.732 1.2957
1049.98 0.550663
2435.64 1.27166
622.912 0.797452
699.234 0.563417
498.91 0.921922
924.955 0.565913
2112.32 1.18478
658.817 0.996221
739.235 1.1358
527.177 1.47577
987.936 0.650267
2265.47 1.37844
708.676 0.9125
792.895 0.738378
569.063 0.965171
1048.03 0.458598
2387.47 1.30538
675.812 1.73305
754.706 1.1739
539.516 1.08958
1006.51 0.667955
2323.8 2.1176
718.429 0.52217
805.002 0.421707
570.243 1.02487
1078.34 1.08914
2488.78 2.65319
701.103 0.440616
785.291 0.497203
557.091 0.902756
1048.28 0.847659
2423.27 3.45932
739.235 0.491905
827.182 0.392381
589.49 0.890866
1104.75 0.862478
2544.72 3.54899
778.391 0.75939
874.28 0.647333
618.404 0.832587
1173.44 0.895876
2708.27 2.89071
756.016 0.672435
844.201 0.614606
600.129 1.51109
1124.84 0.926872
2595.7 2.61789
737.904 0.58228
824.714 0.510456
590.964 1.69258
1097.32 1.12938
2497.73 3.55158
715.761 0.531169
799.677 0.49025
571.806 0.997504
1062.98 1.16606
2431.54 4.19041
729.356 0.75482
816.167 0.48294
579.411 0.680391
1092.66 1.16784
2515.26 3.23118
715.987 0.543527
799.747 0.78096
576.649 0.699351
1055.95 1.11017
2379.49 2.99808
757.312 1.37079
845.337 0.932205
604.538 1.66458
1127.09 1.0962
2567.86 3.27139
799.495 0.70478
892.348 0.650581
636.785 1.11622
1186.72 1.23327
2713.99 3.6737
-1 -1
-1 -1
6.93011e-310 6.93011e-310
6.93011e-310 6.93011e-310
6.93011e-310 6.93011e-310
768.909 0.819367
856.745 0.870878
614.342 1.11735
1137.1 1.067
2595.04 3.82246
558.066 0.907779
620.057 1.03273
449.502 1.96811
823.141 0.937046
1876.21 4.28184
723.574 0.65005
810.116 0.543773
577.775 0.848607
1084.02 1.06537
2496.4 3.03518
763.934 1.0401
853.691 0.825464
606.061 0.960751
1146.3 1.08218
2660.76 4.08346
