EC		Cs137(ch)	Y88 1 (ch)	K40 (ch)	Y88 2 (ch)	Pb (ch)
0		-1		-1		-1		-1		-1
1		-1		-1		-1		-1		-1
2		-1		-1		-1		-1		-1
3		-1		-1		-1		-1		-1
4		-1		-1		-1		-1		-1
5		-1		-1		-1		-1		-1
6		-1		-1		-1		-1		-1
7		-1		-1		-1		-1		-1
8		-1		-1		-1		-1		-1
9		-1		-1		-1		-1		-1
10		-1		-1		-1		-1		-1
11		-1		-1		-1		-1		-1
12		421.136		567.224		932.932		1195.52		1731.92
13		381.379		533.137		907.578		1191.69		1757.3
14		383.478		536.535		920.812		1203.38		1761.85
15		387.1		536.456		911.949		1190.02		1757.81
16		-1		-1		-1		-1		-1
17		-1		-1		-1		-1		-1
18		-1		-1		-1		-1		-1
19		-1		-1		-1		-1		-1
20		-1		-1		-1		-1		-1
21		-1		-1		-1		-1		-1
22		-1		-1		-1		-1		-1
23		-1		-1		-1		-1		-1
24		-1		-1		-1		-1		-1
25		-1		-1		-1		-1		-1
26		-1		-1		-1		-1		-1
27		-1		-1		-1		-1		-1
28		335.829		498.217		900.35		1194.16		1789.58
29		344.114		504.43		903.179		1197.14		1792.7
30		304.732		474.733		894.602		1208.41		1883.99
31		311.66		472.363		873.825		1179.57		1830.22
32		441.456		588.354		931.069		1190.12		1693.07
33		448.08		592.125		946.504		1198.33		1712.97
34		494.752		631.677		964.574		1200.31		1674.72
35		459.904		599.07		950.054		1198.45		1712.51
36		426.347		569.191		916.104		1182.21		1712.36
37		425.952		572.899		925.287		1197.64		1729
38		443.861		582.465		926.789		1191.06		1723.99
39		423.335		572.227		932.778		1193.88		1730.1
40		410.049		548.862		896.246		1147.12		1663.66
41		436.757		579.861		936.043		1193.6		1723.72
42		420.829		563.159		930.225		1192.84		1744.91
43		389.031		532.133		902.659		1177.5		1745.4
44		397.2		542.795		907.029		1187.99		1743.77
45		394.49		543.219		927.88		1188.41		1743.05
46		407.181		552.63		915.083		1190.29		1734.91
47		428.619		575.096		935.351		1196.97		1722.29
48		539.982		656.77		947.758		1158.37		1593.43
49		522.631		648.873		954.516		1188.46		1641.61
50		541.343		667.425		980.334		1201.09		1656.16
51		472.785		601.818		898.572		1126.15		1557.1
52		509.36		640.693		962.856		1200.77		1669.89
53		501.01		632.801		965.551		1197.11		1689
54		540.071		667.771		981.665		1199.6		1652.31
55		431.468		581.76		933.116		1196.13		1712.9
56		522.692		653.403		975.139		1217.24		1705.43
57		503.309		634.852		967.246		1205.83		1690.99
58		448.656		588.648		938.103		1200.8		1725.24
59		476.837		613.78		951.565		1193.26		1696.66
60		471.21		615.075		948.682		1198.7		1694.54
61		497.417		640.933		978.995		1218.54		1765
62		492.142		633.536		957.314		1195.34		1669.22
63		496.436		634.704		966.446		1195.28		1664.96
64		499.388		624.826		941.294		1170.25		1695
65		527.35		659.045		977.563		1190.63		1648.5
66		512.909		647.186		973.415		1203.53		1687.54
67		493.051		627.775		954.479		1194.06		1691.19
68		499.996		637.192		975.852		1208.65		1718.76
69		452.033		598.218		942.371		1197.02		1776
70		557.882		679.024		981.279		1191.46		1645.1
71		496.028		634.446		969.237		1199.79		1697.35
72		410.107		558.719		910.877		1168.37		1699.7
73		504.189		642.661		975.268		1202.95		1703.65
74		511.207		644.788		967.707		1193.02		1668.99
75		505.268		638.965		953.15		1180.57		1647.44
76		396.076		549.101		965		1195.07		1395.82
77		478.834		621.457		962.186		1202.08		1713.86
78		475.622		614.966		957.764		1190.5		1691.97
79		512.904		644.98		959.071		1181.35		1646.31
80		506.834		644.55		960.907		1199.72		1686.63
81		383.428		532.674		897.929		1180.79		1752.17
82		430.865		569.752		922.437		1184.13		1722.88
83		396.376		544.542		911.533		1194.93		1770.47
84		397.396		545.358		916.45		1186.74		1747.74
85		378.127		527.994		912.438		1200.15		1837
86		388.74		539.609		920.133		1190.29		1761.02
87		299.456		465.134		855.67		1177.53		1824.44
88		346.703		504.592		893.671		1191.95		1796.7
89		408.499		565.584		935.078		1200.12		1760.01
90		399.494		551.118		929.056		1205.27		1787.78
91		373.381		530.711		911.034		1193.81		1767.43
92		357.49		515.58		915.751		1194.55		1780.98
93		421.714		572.771		942.582		1216.84		1771.37
94		402.606		547.236		898.065		1178.85		1733.98
95		389.878		544.607		931.534		1199.06		1828
96		377.346		527.983		911.618		1186.52		1752.12
97		373.665		532.411		918.131		1214.63		1788.94
98		407.801		558.427		938.192		1208.8		1825.97
99		420.959		566.321		920.143		1187.3		1742.17
100		362.507		519.966		904.886		1192.18		1753.38
101		366.77		519.636		906.52		1178.47		1745.68
102		405.531		553.579		924.726		1189.9		1726.64
103		368.413		523.415		918.088		1194.37		1766.62
104		356.85		514.059		911.917		1191.65		1814.48
105		395.674		544.384		918.94		1184.8		1743.51
106		303.712		467.674		882.937		1198.89		1882
107		408.509		561.462		926.392		1196.66		1760.11
108		364.578		515.169		887.059		1169.75		1759.47
109		395.808		544.557		917.981		1188.25		1762.06
110		384.632		532.213		910.89		1183.44		1726.47
111		331.176		480.635		869.276		1170.14		1788.65
112		466.52		601.277		939.789		1190.27		1715.99
113		473.231		611.879		943.437		1187.5		1678.08
114		419.409		566.201		921.398		1193.94		1732.21
115		436.7		576.859		930.133		1188.68		1715.54
116		472.79		607.638		947.12		1195.83		1696.42
117		452.396		591.551		939.63		1195.02		1713.05
118		462.584		598.146		935.191		1174.6		1666.48
119		470.36		606.597		949.052		1199.44		1708.67
120		473.591		612.515		955.761		1204.41		1712.58
121		475.982		610.577		935.92		1180.49		1654.15
122		477.486		614.481		959.911		1207.02		1745
123		462.237		600.468		939.882		1193.42		1701.28
124		463.3		602.768		950.789		1208.61		1717.24
125		499.521		630.669		955.128		1189.99		1651.97
126		450.046		589.944		940.927		1195.88		1717.59
127		514.479		639.889		942.482		1176.21		1635.69
128		328.036		493.545		890.251		1193.48		1828.6
129		455.403		615.539		847.448		1272.24		1713.42
130		374.717		528.438		932.651		1179.51		1760.28
131		425.647		582.449		1005		1226.57		1778
132		428.031		585.145		996.005		1232.25		1806.26
133		386.964		542.699		967		1195.16		1750.55
134		391.989		547.922		1023.75		1195.13		1241.02
135		514.31		654.7		1123		1224.94		1588
136		328.912		499.163		948		1196.34		2033.3
137		409.729		563.374		906		1179.82		1721.3
138		492.004		641.855		1086.7		1263.73		1822.69
139		400.867		553.885		818.825		1181.01		1890
140		396.269		575.048		934.196		1205.22		1758
141		393.203		548.678		934.466		1197.94		1768.4
142		424.04		576.529		948.699		1201.25		1756.37
143		426.123		573.393		937.593		1190.46		1731.71
144		437.607		582		944.269		1191.78		1735.48
145		483.754		622.368		968.141		1209.46		1712.49
146		443.752		584.128		941.424		1191.17		1713.36
147		406.464		558.234		931.124		1196.57		1739.82
148		448.115		589.858		945.573		1193.48		1716.81
149		434.864		578.433		927.143		1189.23		1723.98
150		428.451		572.561		937.562		1194.64		1745.65
151		458.587		598.855		938.213		1197.11		1695.33
152		415.379		558.842		920.247		1186.41		1733.75
153		418.095		563.92		932.719		1191.61		1737.1
154		414.144		562.769		932.783		1196.23		1749.14
155		404.731		550.837		909.277		1184.93		1720.43
156		418.225		564.675		933.219		1194.02		1739.75
157		413.002		561.123		920.135		1190.81		1705.42
158		423.462		568.846		925.564		1194.37		1739.38
159		432.691		578.324		938.773		1198.59		1755.67
160		456.605		594.638		935.297		1192.55		1673.57
161		451.454		585.511		912.478		1166.8		1661.24
162		463.225		601.885		944.937		1194.85		1702.86
163		473.634		608.693		950.581		1191.5		1704.22
164		427.179		570.387		933.283		1194.41		1744.7
165		443.951		584.986		931.76		1192.86		1712.61
166		427.556		568.175		915.713		1188.86		1737.52
167		397.514		546.21		922.546		1194.85		1762.6
168		433.64		575.221		929.574		1188.09		1716.27
169		449.026		587.493		934.843		1191.21		1710.19
170		399.825		546.751		919.414		1191.86		1761.27
171		471.565		605.785		948.773		1193.38		1711.76
172		489.55		619.965		947.404		1188.65		1682.14
173		438.508		577.142		918.73		1181.61		1704.11
174		420.887		562.689		923.189		1183.5		1724.69
175		409.498		554.396		919.755		1194.5		1754.57
176		377.931		531.962		913.939		1182.69		1750.16
177		414.42		560.053		923.937		1189.6		1734.28
178		374.395		525.844		901.802		1193.23		1826
179		396.004		543.36		909.075		1189.88		1743.47
180		389.332		538.014		914.397		1191.35		1753.27
181		368.742		520.105		903.187		1187.74		1759.44
182		401.805		551.946		907.675		1189.72		1729.63
183		392.595		547.612		932.397		1191.08		1745.59
184		375.442		529.873		911.595		1186.78		1747.83
185		350.065		512.004		911.619		1195.86		1776.39
186		363.998		520.813		905.581		1191.21		1757.1
187		389.962		540.383		1019.95		1193.08		1920
188		349.133		504.022		901.285		1193.08		1778.26
189		401.427		549.516		909.311		1169.23		1689.4
190		368.959		519.204		892.985		1166.8		1712.72
191		363.052		506.508		895.658		1160.37		1742.72
