1297.2 6.36615 939.839 12.2647 816.916 4.11253 
1297.1 2.71436 1009.89 1.98944 940.761 2.88372 806.423 1.33942 
1387.58 30.9372 1083.6 1.63173 1007.62 3.7306 873.797 1.86212 712.729 1.41421 
1346.88 2.67354 1045.2 3.03074 968.089 7.82042 836.118 2.36601 
1298.7 11.8534 1003.52 3.37987 932.755 2.27467 804.578 2.82381 
1515.93 301.684 1045.48 1.75481 972.351 4.40703 839.578 1.74178 
1324.3 1.58255 1035.16 1.44206 957.691 5.36526 834.12 1.49385 
1347.03 2.32003 1048.78 3.11191 980.545 2.77931 844.971 2.41138 
1334.45 4.0027 1052.83 2.09724 972.272 3.68248 847.198 3.52585 
1343.69 6.48023 1267.89 5.32903 1055.84 1.39558 972.069 2.54616 841.009 1.53377 
1329.73 1.61671 1042.68 1.53918 967.692 3.31564 842.166 1.17371 725.717 4.31622 
2812.51 4994.31 1378.69 2.22216 1089.03 2.51731 1008.49 2.45076 879.048 2.56157 
1331.74 2.51971 1043.71 1.76675 973.496 2.47212 841.116 1.5649 
1385.96 12.7562 1079.94 1.47723 999.462 4.48655 873.673 1.21971 730.068 4.12546 
1330.94 0.810968 1039.15 1.55823 961.766 2.01875 837.47 1.11838 719.349 4.53013 
1415.1 2.42545 1115.81 2.12975 1032.71 3.86916 902.488 1.8238 
1306.36 2.35173 1009.76 2.29221 933.732 2.79221 811.526 1.78701 
1362.15 0.701753 1284.97 9.80571 1070.14 1.23271 988.084 3.46134 858.16 1.14591 
1324.77 5.00222 1035.41 0.919171 958.548 2.34913 833.478 1.14259 
1374.79 4.04861 1077.49 2.93206 1000.61 5.51575 868.792 1.51553 
1290.32 2.51216 993.01 1.64626 918.152 4.20714 791.881 1.67494 
1363.25 1.38164 1073.52 0.883681 992.257 1.98432 865.355 1.16197 
1307.97 4.24145 1018.57 0.928143 939.985 2.22148 811.595 0.881493 
1390.22 41.9823 1074.37 1.47112 1000.86 1.76122 870.414 1.49339 
1301.39 3.06518 1008.9 1.87824 935.314 2.33041 809.596 1.7523 
1977.47 192.919 1083.95 1.26279 1005.82 1.89159 875.993 0.936443 
1310.55 5.22132 1018.41 0.888474 935.924 4.07313 818.432 1.03851 
1395.07 3.13574 1098.04 2.21799 1025.56 1.89105 889.395 1.51046 
1278.82 2.45904 988.929 1.56891 913.459 2.31963 790.626 1.38368 
1330.71 3.70005 1042.47 1.53037 968.72 4.50791 840.082 1.16518 
1341.08 2.11406 1059.18 0.438078 977.534 1.50533 853.531 0.881384 
1406.34 3.09355 1106.17 1.67397 1023.74 2.92202 895.983 1.44407 
1345.98 1.80429 1052.6 1.90125 976.213 2.82668 849.94 1.95698 
1332.86 0.902961 1038.38 1.29673 963.919 1.79919 836.784 0.759354 
1329.48 0.519157 1255.45 5.72552 1036.34 1.12191 957.888 2.73312 837.084 0.787054 
1329.86 1.66792 1039.32 1.38979 960.005 2.54182 828.804 1.52824 
1355.63 1.64274 1053.51 2.51478 983.098 7.23775 857.923 1.47322 
1301.49 0.966479 1010.25 0.914998 938.697 1.34442 806.806 0.747625 
1361.63 5.96657 1065.1 0.788667 980.638 4.13894 858.356 0.71021 
1328.79 1.59969 1035.3 1.48263 959.712 2.42983 829.074 1.86197 
1320.46 2.79469 1030.49 1.60215 959.204 2.30418 832.618 1.97536 
1305.54 2.90349 1011.65 1.06022 928.803 4.98378 808.73 0.748626 
1378.35 0.531186 1084.12 0.799069 1006.95 1.86495 881.248 0.936402 
1342.36 2.94892 1054.26 1.58166 975.193 2.42687 849.857 1.29095 
1295.69 2.01025 1006.73 1.50438 930.895 1.92189 807.033 1.13689 
1331.44 0.600572 1037.76 1.16662 962.167 1.56492 836.016 0.824498 
1315.54 2.03706 1042.68 0.819016 963.44 1.16325 838.684 0.722942 
1322.35 1.85907 1024.11 1.42776 945.591 2.73677 823.357 0.984262 
1334.45 2.01116 1040.47 1.70305 969.321 1.92046 841.806 1.00791 
1314.9 1.34257 1028.33 0.971931 951.907 2.58984 824.143 0.747481 
1330.44 0.473078 1043.56 0.471678 961.675 1.25749 836.68 0.710719 
1359.48 1.60045 1059.64 1.08297 984.13 1.53428 856.206 0.968341 

1374.77 29.4511 1052.67 0.673663 970.508 2.53048 843.224 0.61992 
1304.85 2.19194 1017.89 0.674885 928.528 5.14917 817.474 0.793502 
1359.1 2.96886 1069.96 1.34437 990.218 3.31465 862.169 1.41808 
1312.43 1.57439 1018.65 1.63047 945.638 1.79063 821.252 1.09413 
1315.49 1.51794 1027.46 0.92422 947.608 4.27834 823.923 0.775267 
1336.5 1.32927 1052.8 0.881883 974.662 2.00419 851.315 0.773619 
1319.88 1.39908 1025.6 1.24475 946.972 2.00922 819.318 1.24462 
1315.38 2.00621 1024.6 1.7253 948.016 3.00164 827.53 1.34347 
1332.8 0.635804 1039.56 1.12273 962.998 1.14133 838.563 0.686353 
1284.71 1.79221 1156.75 14.5446 1007.62 0.991 931.569 1.12829 806.01 0.648777 
1328.58 2.49028 1039.52 1.22107 959.081 2.87123 835.81 1.15132 
1300.6 1.55402 1008.39 1.7124 934.258 1.8552 809.68 1.11042 
1327.5 1.25615 1043.49 0.470009 961.839 1.23409 835.488 0.695128 
1333.27 1.27676 1052.38 0.661154 970.812 2.15297 844.818 0.695805 
1293.05 1.2415 1007.75 1.30379 933.636 1.54141 807.575 0.778636 
1362.53 0.605401 1069.21 0.662011 988.495 2.16617 859.017 0.866197 
1362.46 0.439627 1066.06 0.717999 982.62 2.95861 855.1 0.719149 
1315.74 0.683011 1025.25 0.741623 953.892 1.69633 823.968 0.605952 
1288.12 1.61585 1007 1.04416 933.237 2.0424 807.092 0.819395 
1312.72 1.13857 1023.12 0.883205 946.671 1.86365 819.778 1.25753 
1332.77 2.29232 1051.85 0.94837 973.419 1.75114 843.564 0.764526 
1347.11 0.889186 1058.49 0.811179 982.689 2.60388 855.766 0.635413 
1304.64 1.52009 1023.31 1.30178 952.126 1.58305 822.876 0.732761 
1303.34 1.29384 1020.35 0.80492 936.525 3.18471 813.454 1.24973 
1351.4 1.52224 1067.45 0.731111 983.789 3.01267 857.406 0.665543 
1287.14 1.7937 1011.91 0.864929 936.484 2.45544 817.807 0.914995 
1284.62 1.23494 1004.44 1.00769 925.534 2.21903 803.808 0.689701 
1284.66 1.39576 995.414 0.922415 922.303 2.38608 792.22 1.05011 
1298.18 1.71583 1012.16 1.01223 934.497 2.79715 809.518 0.653308 
1250.25 1.31802 970.334 0.629481 891.069 2.04278 770.506 0.815831 
1319.89 1.77225 1037.88 1.2065 965.638 1.44902 838.449 0.707406 
1283.33 0.570075 991.144 0.826331 917.144 1.06298 790.097 1.07113 
1305.25 1.70461 1021.22 0.979867 942.262 1.85033 818.815 0.767952 
1282.98 1.50971 998.774 0.653764 921.77 2.20545 795.741 0.621915 
1317.63 1.74721 1039.3 1.08289 952.506 4.38478 834.129 0.888597 
1257.72 1.44185 972.683 0.829959 897.538 1.51728 774.106 0.93304 
1368.36 1.04255 1077.73 0.680725 1000.46 1.8153 872.199 0.610758 
1288.19 1.81097 1002.93 0.611725 924.24 1.8877 800.758 0.761076 
1304.61 1.37704 1020.63 1.31385 948.868 1.26218 821.399 0.76254 
1267.86 1.52293 981.838 0.896256 908.299 1.73348 778.992 0.93078 
1300.92 1.80857 1018.6 0.690147 938.282 1.77318 809.85 0.624408 
1270.2 1.44518 992.4 0.884736 912.01 4.99032 792.522 0.622527 
1284.64 2.00554 1005.55 1.54521 934.895 1.63329 808.188 0.656301 
1280.81 1.76199 993.334 1.02276 918.936 1.32397 789.9 0.865082 
1290.59 1.37569 1007.66 0.846964 927.763 1.52969 804.896 0.685987 
1267.17 1.42985 990.516 0.781871 914.491 1.20568 790.203 0.67193 
1266.71 1.5863 988.102 1.67408 914.672 1.84682 789.836 0.858107 
1317.61 1.32066 1036.36 0.978623 961.624 1.68815 836.118 1.02531 
1282.68 1.59705 1004.13 0.878563 928.678 1.11557 801.308 0.815636 
1283.93 2.31134 1004 0.810936 928.412 1.50711 806.002 0.647396 
1280.79 1.34076 993.202 2.08879 926.139 2.59691 802.76 0.904451 
1268.47 1.23544 989.231 0.821481 912.749 1.4986 789.315 0.932897 
1313.28 1.40954 1025.9 0.828258 947.605 1.20993 822.695 0.732589 
1319.73 1.43113 1043.87 0.792711 969.584 2.13512 840.928 0.694131 
1234.7 1.71336 957.064 1.39901 882.05 1.59358 758.158 0.753538 
1296.72 1.8805 1018.8 0.780356 941.446 1.70973 809.903 0.699938 
1295.07 1.77023 1018.27 0.748688 942.337 1.49983 810.866 0.775852 

1251.71 1.20592 974.195 0.907318 899.577 1.54626 776.282 0.729083 
1310.09 1.69173 1021.45 1.52185 946.41 1.59965 823.492 0.885856 
1327.41 1.51705 1044.08 0.902339 968.986 2.61467 841.808 0.714105 
1280.69 1.23034 997.371 0.870004 923.66 1.67238 801.472 0.760553 
1280.45 1.34566 994.536 1.41921 926.852 2.38804 804.739 0.723495 
1298.09 1.22145 1018.28 0.839891 941.061 1.72556 818.407 1.2054 
1313.2 1.17066 1027.9 0.930429 953.751 2.35399 825.734 0.658852 
1312.16 0.993877 1036.45 0.600087 961.869 1.02351 836.099 0.662885 
1281.09 1.21609 996.108 1.28053 921.842 2.21439 801.198 0.86661 
1264.2 1.82229 989.911 0.864895 912.911 1.58446 790.468 0.960024 
1240.4 2.96784 986.411 2.73159 880.786 12.2921 788.856 3.88682 
1287.79 1.91 1018.64 0.745209 944.035 1.41577 820.477 0.668946 
1285.43 1.68341 1011.24 1.41687 941.212 1.81713 817.464 1.08547 
1273.16 1.22229 990.246 0.704836 914.459 1.0445 790.483 0.667152 
1326.85 1.37696 1051.68 0.721666 974.182 1.52907 851.578 0.687144 
1269.73 1.37608 1000.25 0.959033 927.509 1.63599 804.389 0.799757 
1264.69 2.62478 939.911 5.37799 824.626 1.41998 
