0 1380.39 0.404501 1098.68 0.326083 1028.18 0.566773 937.875 1.20449 900.002 0.235116 
1 1371.88 0.117274 1091.85 0.111123 1023.7 0.10044 939.462 0.106089 892.121 0.119814 
2 1367.7 0.192942 1087.21 0.233788 1012.55 0.397001 923.498 1.24269 890.539 0.192347 
3 1375.44 0.127815 1096.37 0.109015 1027.78 0.103425 944.143 0.10233 896.8 0.120463 
4 1369.72 0.213835 1087.86 0.251277 1014.14 0.421635 923.75 1.35277 891.642 0.179342 
5 1341.86 0.115397 1064.12 0.101196 996.062 0.101437 912.555 0.0990145 865.775 0.122336 
6 1386.67 0.226632 1106.78 0.271972 1034.51 0.382661 944.784 1.24231 912.051 0.175512 
7 1373.68 0.137535 1093.79 0.109331 1025.35 0.0915063 941.289 0.099095 893.617 0.118733 
8 1386.27 0.231151 1105.89 0.261833 1032.08 0.398581 945.245 1.00141 910.387 0.188509 
9 1370.17 0.158585 1091.26 0.130336 1022.74 0.14411 939.323 0.133108 893.055 0.137809 
10 1365.84 0.198491 1085.41 0.238478 1012.1 0.378501 913.763 2.06635 889.455 0.200634 
11 1344.7 0.116128 1068.37 0.105988 1000.86 0.10751 917.796 0.103796 870.767 0.117726 
12 1377.54 0.203029 1095.9 0.249088 1022.23 0.388923 931.436 1.2502 899.625 0.188161 
13 1363.45 0.124268 1083.97 0.100328 1015.61 0.105569 930.972 0.101063 883.759 0.119258 
14 1377.31 0.229457 1096.84 0.273229 1022.43 0.44656 928.408 2.31925 900.679 0.164145 
15 1300.45 0.135655 1037.54 0.120776 973.12 0.1214 894.491 0.112762 851.024 0.123041 
16 1309.61 0.188054 1046.85 0.171611 977.447 0.336303 889.615 0.983243 860.244 0.244832 
17 1343.6 0.118367 1065.26 0.102805 996.762 0.103195 913.071 0.0995192 865.86 0.123261 
18 1381.84 0.228869 1101.53 0.228604 1027.57 0.387202 945.598 0.479086 905.594 0.164447 
19 1376.42 0.129697 1096.51 0.10245 1027.88 0.0992161 943.698 0.0974901 896.313 0.124126 
20 1369.5 0.242142 1088.23 0.252025 1014.59 0.449136 938.55 0.228503 892.538 0.157132 
21 1368 0.138195 1087.83 0.104627 1019.44 0.10163 935.085 0.0988453 887.522 0.122325 
22 1381.79 0.260919 1100.88 0.238297 1027.67 0.435152 946.665 0.632563 906.081 0.158142 
23 1358.17 0.128544 1077.58 0.110275 1008.86 0.107999 924.542 0.0990353 876.771 0.125385 
24 1365.39 0.254768 1085.02 0.255406 1011.13 0.425053 928.39 0.619752 889.4 0.171045 
25 1359.76 0.13146 1079.23 0.109592 1010.71 0.0987087 926.16 0.0978154 878.469 0.126742 
26 1381.03 0.235969 1099.29 0.241861 1026.89 0.38943 938.452 1.0165 902.82 0.181031 
27 1370.39 0.151168 1089.88 0.107043 1021.35 0.104725 936.796 0.109561 889.718 0.124492 
28 1390.93 0.22363 1107.58 0.241311 1034.53 0.377901 947.213 0.752793 909.969 0.189215 
29 1373.43 0.139356 1092.34 0.114393 1023.86 0.0960731 939.269 0.103774 891.646 0.125964 
30 1391.34 0.25884 1109.05 0.244462 1035.32 0.392738 944.857 1.21245 911.606 0.198714 
31 1380.03 0.170235 1100.16 0.136456 1031.37 0.289891 947.785 0.143086 899.68 0.167548 
0 1360.75 0.517795 1076.67 0.318431 1003.61 0.564733 919.824 0.698478 874.717 0.198494 
1 1369.15 0.157039 1084.27 0.121638 1014.47 0.107945 928.414 0.119719 880.188 0.129283 
2 1391.78 0.307486 1104.98 0.300731 1030.94 0.489634 945.907 0.805663 905.598 0.17148 
3 1382.62 0.137363 1095.66 0.114232 1024.97 0.112093 938.517 0.11052 890.305 0.134333 
4 1393.08 0.291576 1106.35 0.289152 1030.32 0.431615 941.71 1.53756 906.93 0.181952 
5 1399.91 0.144856 1113.97 0.111479 1043.67 0.124692 957.089 0.109474 908.856 0.132837 
6 1384.36 0.325141 1097.85 0.289153 1022.74 0.478618 930.484 2.00016 899.34 0.166842 
7 1380.96 0.15015 1096.43 0.114439 1026.61 0.113482 940.356 0.112548 892.409 0.131763 
8 1395.65 0.336489 1108.45 0.291262 1034.6 0.502699 951.553 0.687173 909.691 0.161542 
9 1373.92 0.158669 1088.22 0.128719 1017.79 0.10741 931.961 0.112919 883.525 0.12957 
10 1401.49 0.290423 1112.97 0.296547 1038.4 0.492718 953.267 0.750137 913.357 0.165366 
11 1386.98 0.142463 1099.9 0.118957 1029.68 0.123873 942.928 0.110553 894.556 0.126732 
12 1392.23 0.308204 1103.4 0.302953 1029.67 0.489153 952.098 0.202817 905.002 0.163144 
13 1390.29 0.149658 1105.6 0.112865 1035.34 0.116457 949.257 0.103924 900.863 0.128555 
14 1388.51 0.314682 1102.67 0.314927 1030.22 0.471783 948.845 0.407916 903.866 0.162583 
15 1374.09 0.163408 1091.24 0.117275 1021.82 0.11167 936.527 0.106908 888.454 0.128948 
16 1386.05 0.309438 1101.67 0.338567 1027.75 0.429333 944.422 0.658344 904.268 0.185759 
17 1363.49 0.133804 1080.69 0.112346 1011.01 0.118535 925.691 0.120287 878.229 0.128486 
18 1380.21 0.29597 1096.17 0.292989 1021.07 0.551403 931.765 1.39419 898.506 0.19389 
19 1382.82 0.138095 1096.52 0.126343 1026.04 0.120748 939.694 0.11278 891.46 0.129483 
20 1396.28 0.298046 1107.78 0.275419 1033.14 0.46274 947.95 0.839534 908.852 0.186811 
21 1382.09 0.147288 1096.06 0.10973 1025.65 0.127728 939.46 0.111879 891.424 0.13159 
22 1385.59 0.307955 1098.75 0.297542 1026.77 0.499298 940.567 0.860858 899.679 0.164234 
23 1381.33 0.13695 1096.29 0.114877 1026.49 0.112364 940.298 0.11163 891.868 0.126726 
24 1399.42 0.298301 1111.03 0.316516 1037.5 0.447677 954.533 0.478973 911.467 0.172455 
25 1393.3 0.144909 1108.31 0.108869 1038.05 0.119468 952.147 0.106253 903.982 0.130598 
26 1392.36 0.365962 1106 0.305728 1030.02 0.469146 948.213 0.624026 905.436 0.175304 
27 1387.33 0.139446 1102.28 0.134713 1032.55 0.114682 946.306 0.118354 898.092 0.130241 
28 1404.27 0.346458 1116.66 0.318519 1042.57 0.500117 959.891 0.506307 916.75 0.17009 
29 1397.25 0.152165 1111.17 0.109761 1040.79 0.129002 954.267 0.110004 905.75 0.13213 
30 1397.03 0.352763 1108.16 0.278523 1032.9 0.484477 947.563 0.817511 906.393 0.182048 
31 1405.51 0.175844 1119.6 0.172076 1050.77 0.156371 962.816 0.155849 914.415 0.171588 
0 1449.02 0.215392 1154.88 0.141997 1082.95 0.14624 994.253 0.145854 943.503 0.158576 
1 1388.81 0.127937 1107.48 0.108001 1038.18 0.103725 953.083 0.111353 905.389 0.123471 
2 1439.38 0.375006 1149.08 0.116783 1077.56 0.100824 988.948 0.104402 939.135 0.131945 
3 1410.99 0.145863 1124.13 0.108346 1053.54 0.106518 966.805 0.105564 917.742 0.129667 
4 1456.68 0.344518 1164.3 0.105226 1091.97 0.0979981 1002.65 0.102558 952.071 0.13469 
5 1408.25 0.135822 1120.83 0.111009 1050.41 0.110038 963.594 0.102656 914.516 0.130063 
6 1437.62 0.35146 1145.79 0.110671 1073.97 0.107304 985.138 0.100382 934.986 0.128879 
7 1408.7 0.136631 1122.2 0.111679 1051.74 0.111326 965.133 0.103207 916.23 0.129106 
8 1443.85 0.325167 1152.89 0.110906 1080.6 0.0975702 992.094 0.113992 941.697 0.13028 
9 1414.43 0.139218 1127.02 0.11016 1056.45 0.108108 969.618 0.10708 920.876 0.128461 
10 1420.74 0.358832 1127.69 0.107934 1055.83 0.12793 967.152 0.0955482 916.38 0.133663 
11 1390.13 0.137178 1103.55 0.105583 1033.02 0.108312 946.208 0.102293 897.367 0.130868 
12 1451.73 0.3295 1158.82 0.106904 1086.24 0.11323 997.765 0.0969992 947.232 0.133865 
13 1401.54 0.138426 1115.46 0.112113 1045.18 0.111812 958.591 0.106684 909.633 0.131395 
14 1461.41 0.30779 1169.28 0.106818 1096.91 0.10198 1008.39 0.109743 957.963 0.131926 
15 1398.27 0.138092 1113.61 0.108937 1043.57 0.1057 957.578 0.103906 909.153 0.1315 
16 1448.21 0.340411 1156.35 0.110525 1083.83 0.105031 995.391 0.107404 944.546 0.13464 
17 1418.35 0.137422 1132.87 0.11351 1063.05 0.10804 976.716 0.109512 928.252 0.129828 
18 1439.35 0.347515 1145.85 0.104266 1073.53 0.109075 984.131 0.107881 933.371 0.134204 
19 1403.35 0.132564 1115.95 0.116971 1045.74 0.105978 958.614 0.109177 909.673 0.131788 
20 861.008 0.516321 755.397 0.964921 665.582 5.09225 594.605 0.539669 543.389 0.863748 
21 843.897 0.359466 749.756 0.359876 676.681 0.814556 583.82 0.348127 533.831 0.559268 
22 1452.41 0.189105 1157.91 0.109419 1085.63 0.115003 997.324 0.0991897 946.815 0.133506 
23 1424.38 0.128981 1137.48 0.110596 1067.02 0.115082 980.469 0.113722 931.762 0.132074 
24 1463.85 0.338615 1170.51 0.132117 1098.01 0.104679 1009.1 0.120064 958.372 0.135714 
25 1410.63 0.148615 1123.3 0.119846 1052.81 0.110251 965.914 0.118337 916.92 0.13532 
26 1460.07 0.316941 1166.6 0.115616 1093.91 0.0984349 1004.06 0.108885 953.59 0.140474 
27 1413.26 0.145876 1126.71 0.108496 1056.22 0.104721 969.62 0.111639 920.503 0.134673 
28 1450.24 0.328247 1155.45 0.118874 1082.24 0.103866 992.978 0.12265 942.233 0.14492 
29 1420.2 0.152654 1132.51 0.11372 1061.81 0.117132 974.638 0.124798 925.862 0.134055 
30 1461.24 0.222677 1164.15 0.116495 1091.18 0.114223 1001.63 0.109885 950.972 0.143941 
31 1411.24 0.187955 1123.72 0.15862 1053.96 0.165494 967.014 0.142365 917.303 0.185832 
0 1392.62 0.30075 1114.32 0.1234 1045.44 0.117154 960.851 0.123406 913.291 0.14091 
1 1369.74 0.129206 1085.71 0.110679 1016.93 0.0952493 931.237 0.0963544 883.145 0.124394 
2 1368.55 0.303928 1090.8 0.155959 1022.91 0.110452 939 0.102143 891.312 0.120499 
3 1368.21 0.134681 1084.79 0.105631 1015.67 0.105029 929.852 0.0991446 881.675 0.122959 
4 1378.68 0.283939 1101.42 0.157584 1033.66 0.101508 949.603 0.0935084 901.889 0.118774 
5 1374.42 0.123884 1092.43 0.107964 1023.08 0.0963006 937.959 0.100511 890.211 0.121391 
6 1365.01 0.271955 1092.62 0.106664 1024.8 0.0970274 941.897 0.0991356 894.78 0.118262 
7 1388.2 0.13572 1106.34 0.0996466 1037.24 0.101852 952.459 0.0987951 904.539 0.123241 
8 1366.44 0.286741 1088.69 0.0958181 1020.31 0.0884837 935.592 0.0953837 888.115 0.121364 
9 1380.96 0.13235 1099.55 0.100339 1030.64 0.103257 945.75 0.0978316 897.799 0.121891 
10 1395.94 0.29845 1119.9 0.0948295 1051.53 0.103237 967.322 0.0994121 919.661 0.11966 
11 1378.7 0.137898 1096.77 0.10964 1027.52 0.0987005 942.938 0.0974475 894.963 0.122726 
12 1384.61 0.438813 1105.14 0.238197 1033.39 0.321603 940.385 0.904215 908.064 0.237708 
13 1374.81 0.132076 1092.29 0.109546 1022.93 0.101403 937.582 0.104803 889.73 0.124222 
14 1379 0.320896 1103.84 0.0939765 1034.86 0.0990622 950.587 0.101205 903.377 0.125044 
15 1395.4 0.141589 1113.3 0.105271 1043.8 0.106102 958.726 0.0990534 910.944 0.128078 
16 1374.34 0.290148 1097.76 0.134934 1029.36 0.0992335 945.248 0.0998916 897.353 0.120866 
17 1372.79 0.137223 1089.78 0.107879 1020.23 0.102339 934.659 0.105466 886.895 0.126012 
18 1371.7 0.291425 1093.2 0.101349 1024.35 0.089914 939.104 0.0962538 891.259 0.121404 
19 1374.83 0.134065 1092.38 0.106413 1022.96 0.108921 937.863 0.104078 889.724 0.126769 
20 1369.28 0.295552 1097.01 0.10033 1028.97 0.0918013 945.634 0.0907027 898.282 0.125693 
21 1381.51 0.143051 1097.79 0.110791 1028.14 0.104825 942.693 0.100591 894.375 0.129993 
22 1378.56 0.235179 1097.79 0.103997 1028.06 0.111324 943.146 0.0967581 894.402 0.125812 
23 1385.14 0.137314 1100.98 0.107742 1031.15 0.114819 945.866 0.100746 897.746 0.128088 
24 1401.35 0.291932 1119.3 0.100547 1049.21 0.10779 963.317 0.10886 914.813 0.133966 
25 1365.37 0.150346 1082.29 0.114911 1012.81 0.103259 927.467 0.103206 879.623 0.129636 
26 1399.29 0.304792 1120.27 0.126094 1051.41 0.0985847 966.431 0.118502 918.051 0.130216 
27 1360.13 0.148334 1078.95 0.108733 1010.18 0.107988 925.047 0.105914 877.291 0.129942 
28 1391.17 0.297458 1110.45 0.139518 1041.74 0.104947 956.39 0.096957 908.053 0.133533 
29 1401.6 0.141248 1119.25 0.120707 1050.09 0.120401 965.171 0.11394 917.883 0.135001 
30 1393.05 0.289424 1111.22 0.114152 1041.48 0.101012 955.42 0.108862 907.404 0.13079 
31 1357.94 0.19278 1077.94 0.132156 1009.47 0.131231 924.406 0.137483 876.746 0.15496 
