1 1126.08 0.118696 886.649 0.115757 813.35 0.11028 787.106 0.21135 712.89 0.107933 
2 1123.88 0.148509 884.537 0.113825 811.902 0.129468 785.303 0.193583 711.901 0.120962 
3 1130.3 0.116097 892.266 0.126332 820.068 0.137514 793.162 0.220444 719.772 0.117105 
4 1144.06 0.140093 906.479 0.118976 833.996 0.1158 808.089 0.245804 734.162 0.0998626 
5 1136.09 0.134577 898.845 0.119907 826.754 0.11654 800.055 0.260402 727.132 0.111966 
6 1134.52 0.116265 896.566 0.121468 824.301 0.118001 797.8 0.201039 724.631 0.106745 
7 1131.13 0.124446 892.222 0.12999 819.53 0.128037 793.189 0.188814 719.327 0.112586 
8 1151.81 0.150113 913.175 0.119069 840.455 0.116429 814.078 0.235922 740.382 0.122171 
9 1128.39 0.129325 889.463 0.113235 816.639 0.11848 790.31 0.191892 716.507 0.108049 
10 1129.83 0.121622 891.69 0.13693 819.474 0.122565 792.69 0.238321 719.478 0.111734 
11 1136.98 0.123914 897.588 0.115728 824.378 0.120056 797.98 0.201946 724.179 0.114344 
12 1140.28 0.126246 901.052 0.118968 828.009 0.141555 801.282 0.228107 727.624 0.111969 
13 1121.5 0.121519 882.464 0.118736 809.366 0.114394 783.529 0.218943 709.224 0.109692 
14 1116.26 0.361323 880.407 0.371059 806.876 0.383446 783.81 0.93759 707.604 0.298918 
15 1158.66 0.138314 920.573 0.121124 847.853 0.134431 822.102 0.193723 748.02 0.121844 
16 1113.94 0.154017 877.749 0.154262 805.714 0.144009 781.197 0.274757 706.557 0.145518 
17 1161.19 0.127867 924.808 0.0985662 852.594 0.106336 827.063 0.155481 752.984 0.0883675 
18 1135.76 0.0781196 899.557 0.0778689 827.9 0.0736034 801.417 0.132983 728.79 0.0720654 
19 1145.35 0.0760223 909.594 0.0761601 837.866 0.075085 811.49 0.131622 738.555 0.0681998 
20 1131.31 0.083509 899.246 0.0792315 828.471 0.0707289 802.574 0.12486 730.798 0.0674654 
21 1132.97 0.0793289 896.458 0.0746418 824.424 0.0738036 798.108 0.126694 724.922 0.0727601 
22 1162.04 0.0802888 926.708 0.0763065 855.342 0.0748058 829.218 0.134042 756.391 0.0678396 
23 1150.6 0.0846882 913.895 0.0769624 841.798 0.0772048 815.623 0.125256 742.132 0.0709374 
24 1146.89 0.0880665 911.169 0.0803338 839.273 0.0820738 813.001 0.137628 740.162 0.0683815 
25 1141.46 0.0879126 905.577 0.0781838 833.69 0.0789508 807.518 0.137222 734.628 0.0665767 
26 1138.47 0.160804 900.434 0.167554 827.739 0.155437 801.631 0.279123 728.081 0.155824 
27 1134.64 0.0814352 902.156 0.0783465 831.209 0.0786787 805.373 0.128874 733.528 0.0671334 
28 1141.76 0.0856614 903.311 0.0870448 830.818 0.0771439 804.52 0.167682 730.821 0.0722737 
29 1165.34 0.0803 925.558 0.080412 852.683 0.0779675 826.147 0.136127 751.702 0.0718411 
30 1164.8 0.0825275 926.991 0.0761909 854.7 0.0823718 828.224 0.130064 754.42 0.0733809 
31 1156.69 0.0958006 918.36 0.0856906 845.875 0.0792127 819.041 0.15229 745.446 0.07551 
32 1157.09 0.0805676 917.465 0.0821839 844.508 0.0803884 817.991 0.148177 743.647 0.0773045 
33 1229.12 0.0963596 981.702 0.0963797 905.818 0.0909556 878.403 0.15301 801.358 0.082958 
34 1232.66 0.0890791 985.742 0.0894557 910.57 0.0842727 883.078 0.150912 806.279 0.0815746 
35 1220.09 0.0927384 972.685 0.0906161 897.093 0.0849104 869.324 0.146798 792.765 0.0817752 
36 1236.17 0.0960403 989.3 0.0861495 913.967 0.0820149 886.518 0.174341 809.637 0.0800738 
37 1209.67 0.089914 965.119 0.0874145 890.481 0.0812147 862.89 0.157843 787.075 0.0783495 
38 1213.35 0.0862675 967.036 0.0894676 891.677 0.0887382 864.442 0.139399 787.908 0.0810777 
39 1235.58 0.106163 988.532 0.0888233 912.888 0.0868166 885.381 0.158157 808.552 0.078426 
40 1211.18 0.0926447 965.615 0.0883099 890.45 0.0876469 863.119 0.142283 787.057 0.0767522 
41 1226.48 0.0931064 980.933 0.0918258 905.981 0.0836689 878.697 0.15611 802.329 0.0809076 
42 1234.53 0.095401 987.419 0.0881101 912.114 0.0864556 884.762 0.158249 807.867 0.0826025 
43 1226.94 0.0952566 981.354 0.0854504 906.437 0.0857589 878.988 0.164675 802.581 0.0756166 
44 1219.17 0.0907766 972.938 0.0945961 897.508 0.090609 870.427 0.142038 793.872 0.0792653 
45 1229.98 0.0956066 983.201 0.0937226 907.526 0.0907554 880.253 0.163788 803.314 0.0828583 
46 1221.2 0.0914661 974.826 0.0883772 899.457 0.0954478 872.256 0.155596 795.487 0.0812759 
47 1215.11 0.0919424 969.977 0.0940795 895.297 0.087215 868.115 0.184863 791.876 0.0837529 
48 1229.12 0.111948 982.295 0.106358 906.733 0.114569 879.431 0.235134 802.236 0.0991983 
49 1212.54 0.104524 972.552 0.104217 899.164 0.101484 872.884 0.19939 798.095 0.093494 
50 1192.77 0.0799701 953.499 0.0790881 880.766 0.0792528 854.088 0.134341 779.934 0.0716817 
51 1212.27 0.0818971 972.298 0.079964 899.027 0.0787871 872.675 0.140971 797.89 0.0732534 
52 1210.22 0.0789301 970.27 0.0781973 897.145 0.0768199 870.924 0.139825 796.18 0.0704919 
53 1208.76 0.0866522 967.039 0.0857772 893.415 0.0784144 866.937 0.1512 791.54 0.0752072 
54 1209.97 0.0819255 969.812 0.0790217 896.447 0.0748987 869.98 0.139332 795.274 0.0706082 
55 1194.29 0.0818449 954.788 0.0805866 881.658 0.0765489 855.25 0.134556 780.777 0.0693275 
56 1176.56 0.0785591 937.451 0.0818791 864.969 0.0750279 838.32 0.137755 764.517 0.0685182 
57 1202.22 0.0779538 963.894 0.0800341 890.97 0.0766441 864.801 0.146102 790.412 0.072785 
58 1231.24 0.081791 991.076 0.0829589 917.91 0.0804305 891.608 0.137949 817.031 0.0752653 
59 1219.11 0.0857991 978.203 0.0784882 904.847 0.0787072 878.089 0.135048 803.436 0.0726281 
60 1203.38 0.0886198 963.136 0.0828829 889.746 0.081924 863.13 0.14003 788.738 0.0743752 
61 1210.53 0.0830216 970.64 0.0803353 897.419 0.0794689 870.967 0.148307 796.489 0.0705648 
62 1198.08 0.0817441 958.397 0.0869991 885.437 0.0810201 858.896 0.142221 784.616 0.07338 
63 1205.04 0.0831646 964.357 0.0753804 890.76 0.0804001 864.534 0.148772 789.278 0.0726961 
64 1209.49 0.0835419 968.376 0.086579 894.861 0.0827031 868.179 0.15755 793.36 0.0774999 
65 1155.83 0.152316 907.557 0.121884 831.692 0.131895 804.29 0.259225 727.817 0.123632 
66 1136.94 0.107163 890.194 0.108689 815.078 0.107091 788.048 0.230235 711.729 0.1122 
67 1162.2 0.109041 913.613 0.108645 837.473 0.108458 810.115 0.179197 733.12 0.0998416 
68 1159.83 0.13581 910.963 0.112341 834.833 0.100459 807.787 0.196255 730.646 0.101195 
69 1158.8 0.1176 909.989 0.105527 833.843 0.101916 806.946 0.199226 729.753 0.0952848 
70 1133.36 0.108291 885.456 0.113452 809.781 0.104163 781.994 0.194895 705.709 0.0990108 
71 1164.76 0.118639 915.935 0.133145 839.88 0.124273 812.418 0.186771 735.487 0.111485 
72 1145.42 0.110194 897.034 0.120302 821.472 0.113439 794.542 0.192238 717.391 0.0963679 
73 1137.48 0.108276 889.405 0.106561 813.678 0.10822 786.884 0.208113 709.858 0.0939579 
74 1162.35 0.116333 912.57 0.121527 836.502 0.102867 809.305 0.177943 731.994 0.0996798 
75 1147.37 0.124207 897.967 0.108901 821.521 0.105591 794.013 0.180733 716.785 0.099273 
76 1136.05 0.120762 886.465 0.10613 810.523 0.104938 783.015 0.200127 705.915 0.0964199 
77 1155.74 0.132434 906.831 0.121492 830.782 0.115379 803.474 0.202623 726.616 0.10574 
78 1152.33 0.128202 904.661 0.112463 828.93 0.104189 801.688 0.197806 724.903 0.107397 
79 1142.09 0.117531 894.303 0.116805 818.799 0.109807 791.435 0.206432 714.927 0.103557 
80 1158.97 0.163142 910.595 0.140145 834.667 0.136041 806.793 0.255081 730.059 0.124137 
81 1146.62 0.106299 904.661 0.0974577 830.488 0.101445 804.316 0.177317 728.756 0.0883604 
82 1145.48 0.0824914 905.172 0.0801879 831.607 0.0830924 805.09 0.141061 730.598 0.0719346 
83 1141.24 0.0826097 899.613 0.0838312 825.744 0.0747283 799.203 0.137525 724.575 0.0718769 
84 1153.29 0.0796595 912.275 0.0763811 838.516 0.0828888 811.848 0.146501 737.293 0.0686393 
85 1136.22 0.0831462 894.609 0.0809847 821.318 0.0765788 794.858 0.12958 720.154 0.0713393 
86 1150.38 0.0828128 908.825 0.0800471 834.759 0.0861723 808.29 0.130814 733.544 0.0709602 
87 1146.58 0.0833734 905.478 0.0769374 831.626 0.0830672 805.464 0.134146 730.63 0.0716933 
88 1153.12 0.0830737 912.238 0.0798396 838.294 0.0797834 811.444 0.136471 736.962 0.072551 
89 1157.1 0.0888091 916.137 0.0798339 842.307 0.0800665 815.697 0.148993 740.983 0.0726701 
90 1129.6 0.0819914 888.044 0.0775997 814.362 0.0781885 787.669 0.139075 712.99 0.0733955 
91 1144.33 0.079469 903.106 0.0794198 829.249 0.0759693 802.714 0.132862 728.142 0.0693315 
92 1161.07 0.0804221 918.868 0.085746 845.066 0.0825126 818.268 0.136874 743.579 0.0757336 
93 1154.12 0.0881863 912.879 0.081705 838.828 0.0821655 812.286 0.143614 737.411 0.0737988 
94 1148.74 0.0868518 907.272 0.0887764 833.47 0.080516 806.984 0.141242 732.221 0.0713108 
95 1142.45 0.283094 899.901 0.415396 826.777 0.270192 802.719 1.08103 725.19 0.254082 
96 1142.84 0.0902584 900.355 0.094299 826.127 0.0844746 799.119 0.153122 724.363 0.0754207 
97 1114.05 0.279379 875.847 0.255542 803.8 0.261047 778.593 0.604107 703.062 0.204666 
98 1080.21 0.0944697 842.27 0.0935244 769.761 0.0875406 743.868 0.172832 669.788 0.087802 
99 1082.29 0.0956108 843.971 0.107003 771.29 0.0932106 745.361 0.168565 671.483 0.088941 
100 1080.64 0.0923577 842.376 0.0911297 769.924 0.08773 743.371 0.155001 669.642 0.0855707 
101 1080.81 0.0979065 843.083 0.101141 770.93 0.0879389 744.852 0.173639 671.012 0.0901445 
102 1082.12 0.0908031 845.795 0.0929624 773.756 0.0843822 747.583 0.169248 674.426 0.0824571 
103 1075.41 0.0853559 837.453 0.0947367 765.082 0.0902522 739.058 0.167901 665.125 0.0829876 
104 1098.29 0.0941343 861.446 0.0999892 789.059 0.0892441 763.09 0.170266 689.51 0.0862336 
105 1079.9 0.0996417 843.613 0.0971412 771.649 0.0947994 745.569 0.156642 672.628 0.0892723 
106 1090.54 0.0990478 852.263 0.0928277 779.586 0.102214 753.736 0.17217 679.858 0.0880577 
107 1087.13 0.102607 849.272 0.0940028 776.758 0.0901581 750.525 0.179342 676.851 0.0804416 
108 1082.87 0.105393 844.228 0.0911142 771.613 0.0952591 745.214 0.160297 671.086 0.0918109 
109 1071.86 0.104207 835.079 0.0931295 762.671 0.095332 736.736 0.183056 663.204 0.0859701 
110 1090.81 0.101648 851.573 0.0959223 778.805 0.0902973 752.278 0.186828 678.444 0.0863576 
111 1086.68 0.104602 847.769 0.110549 775.03 0.0942042 748.683 0.172765 674.707 0.0902859 
112 1070.56 0.120658 832.616 0.1224 759.988 0.133533 733.005 0.357011 660.224 0.102466 
113 1111.53 0.100939 872.592 0.0980201 799.493 0.0981764 773.033 0.202559 699.458 0.0834465 
114 1124.23 0.078175 885.678 0.0796932 813.42 0.0739742 787.125 0.136746 713.122 0.0707798 
115 1100.25 0.0752307 864.379 0.0761252 792.341 0.0772542 766.055 0.131383 693.055 0.0701187 
116 1119.3 0.0841077 881.184 0.0801508 808.518 0.0767787 782.125 0.131887 708.631 0.0699139 
117 1101.78 0.0810191 863.341 0.0773201 790.732 0.0804718 764.541 0.125122 690.326 0.0719833 
118 1119.55 0.0812332 881.346 0.0804848 808.974 0.0767316 782.582 0.135191 708.881 0.0720164 
119 1125.3 0.0824651 887.281 0.0830848 814.575 0.0807487 788.672 0.136109 714.728 0.0728523 
120 1099.61 0.0773578 862.223 0.0807095 789.922 0.0792066 764.178 0.13115 690.299 0.0697515 
121 1117.37 0.076935 880.829 0.0775838 808.867 0.0759166 782.608 0.14342 709.558 0.0713404 
122 1116.18 0.0780827 877.5 0.081779 804.848 0.0784802 778.09 0.134529 704.502 0.0705524 
123 1109.53 0.0844965 871.14 0.0838814 798.45 0.0801635 772.406 0.146635 698.272 0.0743562 
124 1119.22 0.0865102 881.199 0.0828128 808.675 0.0836541 782.211 0.140419 708.877 0.075272 
125 1112.99 0.0824679 875.517 0.0869336 803.286 0.0812038 777.256 0.146027 703.457 0.0740083 
126 1128.77 0.0837024 890.699 0.0785193 818.347 0.0802269 792.107 0.147426 718.4 0.0741161 
127 1109.08 0.0874189 871.853 0.0849337 799.487 0.0772038 773.225 0.14149 700.038 0.0688201 
128 1140.63 0.0886438 902.147 0.0898599 829.483 0.0820764 803.064 0.153045 729.128 0.0759605 
