1 1221.84 0.106063 982.517 0.0989924 909.137 0.091248 882.477 0.175226 808.401 0.0886032 
2 1234.9 0.105722 993.846 0.0957625 920.951 0.0974356 893.907 0.171182 819.42 0.0935107 
3 1202.66 0.103879 962.284 0.0938765 889.144 0.0847964 862.354 0.146393 788.07 0.0960639 
4 1165.85 0.0951714 928.731 0.0924021 857.06 0.086672 830.442 0.14222 757.125 0.0918153 
5 1238.18 0.114206 999.45 0.13894 926.952 0.0974769 900.547 0.254866 826.797 0.0998344 
6 1216.94 0.16657 988.101 0.156023 918.23 0.159385 893.299 0.265647 821.708 0.149041 
7 1207.96 0.182539 977.718 0.161095 907.362 0.161749 881.877 0.279098 810.692 0.150958 
8 1171.62 0.204384 942.761 0.156098 872.961 0.161037 847.843 0.377513 776.966 0.161612 
9 1135.84 0.194677 910.263 0.148319 841.347 0.172582 817.166 0.310704 746.728 0.147778 
10 1196.25 0.192869 967.454 0.196948 897.403 0.169729 872.356 0.430205 801.53 0.13816 
11 1221.22 0.15728 989.257 0.122339 918.424 0.138044 893.058 0.232631 820.548 0.150802 
12 1240.68 0.106943 999.362 0.112107 926.092 0.0876743 899.029 0.198297 824.827 0.0918767 
13 1258.03 0.10042 1015.2 0.10749 941.357 0.0962814 914.598 0.194167 839.049 0.093683 
14 1277.74 0.100881 1035.4 0.118948 961.462 0.102891 934.775 0.214735 860.14 0.0920294 
15 1251.29 0.408702 1009.36 0.424718 935.322 1.23093 911.195 0.650153 833.375 0.33463 
16 1266.31 0.15177 1025.94 0.127763 953.013 0.147435 926.655 0.22755 851.808 0.142667 
17 1258.29 0.118824 1006.36 0.104271 929.724 0.105584 901.416 0.185004 823.476 0.0895367 
18 1237.76 0.0985608 984.334 0.0846162 907.232 0.0858049 879.124 0.145519 800.901 0.0797881 
19 1269.48 0.0955308 1015.42 0.0824529 938.105 0.0783542 910.281 0.158599 831.611 0.0749122 
20 1231.2 0.0989252 980.725 0.0743442 904.46 0.0770514 876.962 0.143985 799.418 0.0729081 
21 1270.02 0.103915 1016.06 0.0845446 938.522 0.0830826 910.565 0.143772 832.101 0.0763978 
22 1243.88 0.187782 997.052 0.115043 921.905 0.124847 894.599 0.221984 818.116 0.114056 
23 1259.08 0.204544 1016.35 0.16132 942.437 0.147289 915.874 0.311376 840.36 0.146307 
24 1235.54 0.183387 994.06 0.137378 920.353 0.140754 893.758 0.290163 818.843 0.126401 
25 1191.27 0.16487 949.181 0.15261 874.939 0.182305 849.287 0.254036 773.606 0.143185 
26 1202.46 0.189033 961.879 0.155249 888.635 0.147035 862.414 0.309836 787.687 0.154217 
27 1237.12 0.167281 992.737 0.156448 918.026 0.14916 891.153 0.3399 815.531 0.153747 
28 1272.74 0.116065 1020.97 0.101267 944.256 0.0999998 916.226 0.202799 838.306 0.0845437 
29 1309.93 0.106004 1053.55 0.0907141 975.264 0.0862999 947.196 0.15026 867.511 0.0797499 
30 1292.91 0.106717 1037.67 0.0914345 960.09 0.085671 931.886 0.145034 852.693 0.0770791 
31 1263.56 0.158146 1009.27 0.118316 931.864 0.124291 903.37 0.208765 824.894 0.112751 
32 1269.33 0.105741 1013.31 0.0858582 935.353 0.0817615 906.911 0.169726 827.89 0.0811741 
33 1225.09 0.15234 974.104 0.131343 897.608 0.155746 870.134 0.26242 792.059 0.141169 
34 1254.82 0.14835 1002.16 0.128709 925.663 0.122949 897.443 0.213238 819.262 0.121533 
35 1269.67 0.120785 1017.77 0.110437 941.346 0.112218 913.432 0.220666 835.098 0.106226 
36 1255.61 0.116824 1003.04 0.109027 926.264 0.0957753 898.041 0.202364 820.143 0.114569 
37 1276.82 0.0972573 1022.98 0.0972534 945.731 0.0963443 917.702 0.19423 838.675 0.0911402 
38 1312.15 0.0957939 1057.18 0.0989059 979.98 0.104705 951.879 0.190907 872.622 0.0888756 
39 1295.73 0.111706 1043.35 0.102107 966.466 0.0937676 938.638 0.175735 860.261 0.0872817 
40 1306.45 0.110287 1052.42 0.10942 974.798 0.112798 946.481 0.21446 867.748 0.105445 
41 1232.16 0.127102 980.685 0.114625 904.138 0.122581 876.797 0.199153 798.286 0.103087 
42 1258.81 0.120425 1005.14 0.125386 927.802 0.124143 900.13 0.227037 820.839 0.115786 
43 1288.06 0.139827 1034.56 0.127149 957.626 0.119251 930.166 0.184538 851.283 0.12009 
44 1306.36 0.121129 1052.1 0.120245 974.887 0.115856 946.499 0.213282 867.303 0.115125 
45 1299.32 0.125941 1045.63 0.109591 968.206 0.115305 940.051 0.26375 861.283 0.0972978 
46 1291.79 0.142308 1035.87 0.123066 958.319 0.116711 930.309 0.220737 850.578 0.112717 
47 1257.21 0.138831 1004.14 0.131833 926.914 0.123924 899.063 0.257602 820.15 0.130123 
48 1305.04 0.138588 1049.63 0.125049 972.006 0.135602 943.152 0.223109 864.641 0.119801 
49 1173.37 0.417916 933.068 0.302469 860.755 0.188595 834.926 0.379036 760.243 0.246802 
50 1197.07 0.154263 958.03 0.116015 884.454 0.161642 858.475 0.232817 783.664 0.121037 
51 1167.19 0.144689 927.832 0.10947 855.029 0.120497 828.63 0.198889 753.89 0.0951357 
52 1173.16 0.140809 934.533 0.110922 861.995 0.0859903 835.203 0.158081 762.099 0.0900579 
53 1194.16 0.123639 958.686 0.0850375 886.703 0.0961518 860.881 0.140144 787.078 0.0809582 
54 1234.31 0.11299 994.999 0.0881776 922.448 0.0847815 895.485 0.140587 821.483 0.0785261 
55 1186.14 0.109231 947.317 0.0968939 874.49 0.0888017 848.685 0.151164 773.511 0.0792714 
56 1212.23 0.115113 973.475 0.0945632 900.329 0.0912889 874.232 0.172396 799.757 0.0824894 
57 1222.9 0.170856 983.917 0.13599 910.972 0.107288 884.71 0.225991 810.234 0.104117 
58 1237.22 0.152406 998.327 0.112368 925.656 0.0847367 898.905 0.170632 825.332 0.0902212 
59 1225.97 0.15749 987.278 0.117709 914.19 0.11977 888.21 0.26088 813.46 0.10904 
60 1217.36 0.131791 977.806 0.109596 904.77 0.122178 878.348 0.182052 803.531 0.101368 
61 1222.69 0.142625 983.963 0.116367 910.771 0.0921338 884.637 0.198839 810.365 0.0904536 
62 1213.38 0.110821 974.094 0.0957743 900.977 0.0891263 874.739 0.174206 800.493 0.0783815 
63 1249.74 0.136987 1011.08 0.129082 937.895 0.11563 911.45 0.183624 837.21 0.10338 
64 1227.19 0.183324 987.557 0.146143 914.161 0.138304 888.234 0.248107 813.138 0.134104 
65 1272.97 0.102632 1027.3 0.10214 952.885 0.0971188 925.78 0.179571 849.539 0.0899939 
66 1308.4 0.101512 1061.01 0.0956014 985.82 0.0938619 958.554 0.1681 881.861 0.0867439 
67 1310.86 0.107478 1064.19 0.105713 988.676 0.0991855 961.519 0.179302 885.059 0.0896938 
68 1296.65 0.10677 1050.09 0.0941095 974.445 0.0917316 947.456 0.206903 870.881 0.0903836 
69 1295.49 0.107332 1049.64 0.0965891 974.295 0.100076 947.114 0.196419 870.996 0.0911599 
70 1308.26 0.107878 1062.82 0.105188 988.15 0.0961356 961.094 0.157693 885.027 0.0859849 
71 1325.7 0.104284 1080.57 0.101373 1005.65 0.100027 978.435 0.185915 902.291 0.0881398 
72 1335.53 0.117903 1087.21 0.100784 1011.71 0.111846 984.972 0.174591 907.528 0.0953175 
73 1284.37 0.122499 1039.37 0.108824 964.578 0.103874 937.81 0.167361 861.244 0.086521 
74 1363.8 0.128563 1119.14 0.105638 1044.37 0.106296 1017.05 0.192585 941.622 0.0899023 
75 1292.91 0.116853 1049.04 0.102377 974.537 0.109608 947.684 0.233209 871.644 0.103372 
76 1323.14 0.118185 1078.44 0.11833 1003.54 0.110876 976.57 0.211309 900.77 0.0965176 
77 1325.94 0.126988 1082.16 0.106309 1007.67 0.116367 980.688 0.210581 905.623 0.0976321 
78 1299.95 0.137066 1055.24 0.106039 980.769 0.118686 953.5 0.211649 877.844 0.0976592 
79 1304.65 0.130349 1060.91 0.112005 986.774 0.107336 959.894 0.21776 883.943 0.111806 
80 1313.37 0.123922 1068.83 0.123994 994.05 0.110359 967.413 0.226937 891.717 0.110663 
81 1240.87 0.138167 999.649 0.14031 926.069 0.130358 899.686 0.265999 824.715 0.10488 
82 1238.04 0.0976031 994.558 0.0799354 920.391 0.0731092 893.09 0.134507 817.751 0.0720653 
83 1255.36 0.0937916 1011.18 0.0821054 936.663 0.0738555 909.547 0.147331 833.673 0.0704861 
84 1262.21 0.100474 1020.19 0.0806447 946.333 0.0809591 919.597 0.135163 844.573 0.0729082 
85 1307.59 0.106706 1063.72 0.0846283 989.581 0.0789299 962.761 0.143798 886.805 0.0711662 
86 1289.2 0.096119 1045.7 0.0808776 971.588 0.0785959 944.682 0.144656 868.998 0.0722354 
87 1297.33 0.10389 1053.85 0.0871725 979.774 0.0806769 953.114 0.148321 877.429 0.0723784 
88 1286.6 0.0974021 1043.58 0.084584 969.824 0.0780808 943.038 0.137871 867.441 0.0704593 
89 1255.71 0.104661 1012.14 0.0841205 937.827 0.0820389 910.729 0.164867 835.242 0.0731916 
90 1292.47 0.115469 1048.67 0.0908111 974.267 0.0883035 947.213 0.159534 871.523 0.0805846 
91 1278.98 0.123034 1035.13 0.109063 961.335 0.0973431 934.297 0.162848 858.612 0.0914008 
92 1305.3 0.10104 1061.3 0.0848199 987.008 0.0817139 960.478 0.187167 884.536 0.0736129 
93 1300.69 0.118545 1056.16 0.100167 981.699 0.0905945 954.632 0.157283 878.699 0.0852541 
94 1305.83 0.123242 1060.99 0.0995925 986.262 0.0998729 959.26 0.179184 883.263 0.0970444 
95 1295.34 0.128626 1050.35 0.0977097 975.783 0.0948894 948.98 0.16194 872.812 0.0799995 
96 1318.57 0.114623 1073 0.0944103 998.024 0.0849844 971.113 0.160341 894.738 0.0809417 
97 1328.31 0.101399 1074.78 0.0974439 997.758 0.0944521 969.799 0.168704 891.296 0.0841507 
98 1325.03 0.101312 1071.41 0.0995866 993.967 0.0929163 966.046 0.17818 887.429 0.0803101 
99 1308.75 0.104896 1057.1 0.0967601 980.365 0.0907543 952.352 0.183133 874.27 0.0850883 
100 1315.89 0.102806 1062.99 0.099061 985.85 0.0883818 958.081 0.164328 879.562 0.0903516 
101 1333.46 0.102731 1081.19 0.0986665 1004.05 0.0970186 976.067 0.202128 897.612 0.0858063 
102 1320.83 0.0999779 1067.04 0.0987031 989.733 0.0949889 961.689 0.158483 882.864 0.0890225 
103 1343.22 0.109619 1089.51 0.0942151 1012.38 0.100081 984.078 0.202896 905.517 0.0872523 
104 1340.31 0.106504 1085.95 0.0976943 1008.45 0.0949945 980.439 0.194483 901.492 0.0867418 
105 1335.71 0.111039 1081.6 0.101756 1003.85 0.107248 975.646 0.19962 896.909 0.0876646 
106 1341.03 0.113003 1086.66 0.102682 1009.24 0.100264 981.163 0.20766 902.04 0.0908856 
107 1359.73 0.125957 1103.8 0.119254 1025.81 0.107595 997.51 0.196382 918.327 0.0944711 
108 1366.93 0.115802 1111.28 0.109234 1033.29 0.103125 1005.32 0.191262 925.948 0.0988892 
109 1349.71 0.119266 1094.67 0.111231 1016.94 0.109301 988.902 0.198753 909.548 0.0983835 
110 1345.52 0.112851 1090.53 0.101674 1012.71 0.099644 984.683 0.185665 905.458 0.0880312 
111 1364.11 0.123083 1109.45 0.102404 1031.62 0.108579 1003.68 0.208106 924.725 0.0947023 
112 1319.31 0.135352 1066.88 0.117649 989.784 0.118238 961.913 0.206295 883.366 0.117934 
113 1250.43 0.118686 1003.13 0.0931454 928.126 0.0899166 900.621 0.16556 824.095 0.0826351 
114 1288.26 0.101346 1037.1 0.0835178 960.822 0.0736863 933.578 0.130884 855.633 0.0668508 
115 1274.16 0.102478 1023.75 0.0768094 947.561 0.0757737 920.087 0.134912 842.315 0.0680733 
116 1280.33 0.11411 1028.58 0.0852173 952.483 0.0787712 924.794 0.138062 846.484 0.0694985 
117 1309.05 0.10384 1057.41 0.0904143 981.061 0.0795942 953.283 0.133009 875.228 0.0727259 
118 1298.52 0.105805 1047.06 0.0902093 970.843 0.0796991 942.924 0.141845 865.198 0.0695799 
119 1301.25 0.116304 1048.75 0.0825193 972.061 0.0749065 944.178 0.135432 865.754 0.0713673 
120 1261.19 0.119181 1015.8 0.0887586 940.957 0.0785329 913.988 0.151808 837.642 0.0712402 
121 1329.28 0.119725 1076.46 0.0951953 999.574 0.08706 971.431 0.151743 893.329 0.0726322 
122 1297.96 0.111818 1045.12 0.091882 968.192 0.0932488 940.897 0.151054 862.115 0.0761754 
123 1304.42 0.121231 1054.76 0.0935528 979.076 0.086543 951.248 0.173205 874.325 0.0789322 
124 1274.75 0.117313 1023.52 0.089254 947.043 0.0900721 919.2 0.169317 841.465 0.0811025 
125 1301.39 0.121846 1048.87 0.0957024 972.087 0.088922 943.697 0.199431 865.687 0.0842676 
126 1280.72 0.128379 1027.72 0.0979471 951.07 0.0876491 922.917 0.158227 844.693 0.0806301 
127 1271.27 0.114043 1020.26 0.0909203 943.178 0.0874828 915.773 0.174434 837.565 0.0764068 
128 1310.93 0.122786 1057.57 0.0883815 980.58 0.09186 952.91 0.177804 874.26 0.0840937 
