1 0 0 0 0 0 0 0 0 
2 907.893 0.394089 864.104 0.365967 818.489 0.281 545.016 0.248241 
3 901.096 0.324779 858.64 0.307292 812.965 0.300485 541.505 0.252152 
4 907.972 0.619147 864.287 0.308634 818.759 0.262273 545.665 0.260313 
5 916.99 0.326157 871.786 0.345485 826.452 0.345544 551.753 0.338985 
6 913.379 0.444874 869.973 0.27788 824.432 0.309693 550.036 0.250291 
7 916.342 0.329703 872.941 0.331301 827.422 0.294576 553.874 0.241081 
8 905.082 0.425134 862.343 0.260577 816.981 0.261188 543.393 0.260621 
9 901.85 0.315644 859.434 0.35875 813.408 0.264813 540.401 0.257313 
10 919.822 0.461114 876.391 0.354078 830.759 0.331474 557.972 0.224436 
11 922.197 0.356262 879.057 0.285989 832.952 0.289893 559.503 0.276678 
12 910.443 0.388764 866.915 0.320199 821.038 0.244815 546.661 0.251093 
13 902.269 0.322781 858.305 0.330127 812.85 0.26217 539.322 0.250972 
14 914.451 0.398641 870.542 0.271261 824.825 0.347547 551.624 0.270549 
15 908.544 0.352212 865.041 0.326183 818.808 0.260834 544.364 0.282502 
16 919.948 0.46331 877.462 0.294079 831.757 0.350973 557.289 0.254706 
17 908.486 0.328855 865.864 0.311818 821.478 0.270609 555.08 0.259567 
18 903.929 0.331255 861.31 0.288724 816.522 0.259419 550.089 0.253584 
19 908.253 0.311901 866.844 0.240525 821.738 0.25063 555.338 0.231042 
20 889.164 0.298478 847.358 0.308663 802.28 0.251621 536.273 0.243669 
21 906.609 0.256732 864.137 0.277156 819.931 0.238191 552.004 0.251422 
22 908.985 0.269443 866.716 0.231615 821.984 0.225323 555.595 0.243769 
23 908.78 0.273115 867.057 0.281234 821.933 0.272401 555.327 0.233777 
24 916.769 0.28123 873.928 0.261982 829.62 0.240271 562.785 0.216303 
25 895.168 0.365926 852.952 0.230547 808.187 0.207265 542.107 0.212314 
26 922.187 0.291246 879.112 0.251873 834.739 0.286973 567.012 0.224347 
27 901.54 0.322173 858.855 0.289492 814.66 0.259062 546.803 0.220268 
28 899.036 0.429789 857.245 0.228353 812.775 0.22801 546.528 0.216072 
29 911.947 0.324969 869.687 0.227393 825.307 0.245253 560.184 0.25516 
30 916.922 0.336587 874.63 0.298286 829.833 0.248379 563.042 0.258073 
31 891.269 0.359038 849.128 0.228698 804.4 0.237815 537.731 0.228002 
32 910.14 0.302827 867.483 0.28299 822.925 0.286077 555.928 0.26787 
33 929.501 0.422314 885.416 0.330088 839.721 0.335216 564.651 0.236003 
34 930.634 0.347957 885.974 0.275504 840.253 0.27042 561.821 0.310942 
35 920.371 0.34223 876.668 0.345928 830.669 0.329997 556.1 0.24863 
36 944.568 0.32719 901.116 0.281581 854.07 0.259992 575.682 0.35435 
37 930.853 0.463416 885.56 0.307985 839.918 0.299544 562.087 0.247992 
38 930.406 0.370249 885.29 0.277328 838.885 0.28681 559.198 0.237059 
39 934.493 0.33672 890.272 0.345485 843.262 0.358091 564.115 0.224135 
40 951.24 0.428896 906.919 0.291486 860.147 0.507209 580.282 0.247986 
41 953.861 0.35868 909.481 0.282222 863.167 0.311266 582.159 0.231007 
42 927.451 0.544546 882.027 0.248615 836.405 0.250747 555.309 0.273565 
43 940.694 0.356969 896.198 0.284915 849.069 0.265703 567.57 0.2559 
44 949.797 0.275492 905.204 0.242879 857.917 0.269917 576.655 0.264822 
45 938.156 0.396408 893.503 0.299668 846.789 0.249124 566.258 0.258952 
46 938.695 0.344392 894.66 0.255538 847.842 0.270401 566.239 0.235345 
47 948.543 0.322891 904.098 0.377548 857.543 0.296996 575.692 0.27694 
48 953.481 0.480542 908.578 0.28175 861.185 0.364382 578.4 0.235616 
49 931.576 0.614803 888.028 0.313786 842.476 0.294739 572.195 0.237596 
50 934.48 0.347855 891.418 0.313252 846.005 0.29102 573.459 0.234519 
51 932.512 0.336774 889.245 0.242708 844.215 0.262083 573.379 0.202467 
52 933.084 0.293781 890.468 0.278922 845.582 0.287781 574.598 0.208563 
53 917.434 0.325393 873.812 0.264461 827.907 0.284883 555.345 0.228186 
54 927.259 0.388202 884.643 0.227761 838.306 0.260308 566.298 0.206939 
55 927.62 0.309098 884.566 0.292128 838.306 0.242204 566.306 0.236498 
56 928.083 0.351808 884.308 0.258612 839.02 0.264645 565.612 0.197917 
57 931.371 0.275219 887.202 0.283551 841.36 0.265827 568.108 0.238333 
58 940.868 0.304912 897.673 0.2681 850.937 0.262982 574.459 0.223993 
59 930.519 0.307254 886.482 0.280095 840.7 0.248753 566.492 0.196787 
60 940.302 0.324367 896.576 0.282045 850.524 0.296671 576.092 0.209221 
61 945.172 0.376019 901.659 0.261937 855.827 0.364125 580.174 0.244663 
62 942.999 0.362458 899.736 0.269295 853.32 0.22989 576.376 0.256673 
63 944.966 0.339948 901.092 0.2551 854.889 0.238426 577.986 0.214785 
64 942.053 0.396642 898.716 0.318762 852.576 0.252664 577.032 0.237197 
65 919.198 0.429729 875.67 0.345706 830.362 0.278246 557.115 0.319817 
66 918.019 0.334797 874.804 0.454578 829.263 0.340566 557.334 0.322595 
67 914.123 0.338831 870.167 0.281436 824.587 0.441828 552.63 0.319192 
68 921.22 0.495734 878.328 0.291377 832.859 0.331816 561.148 0.267691 
69 916.119 0.38303 871.861 0.543227 827.646 0.631568 553.67 0.278656 
70 928.05 0.505198 884.346 0.320717 838.363 0.221415 565.479 0.26388 
71 920.531 0.45506 877.399 0.349825 831.881 0.324534 558.199 0.3299 
72 908.651 0.44319 866.198 0.303216 820.439 0.229069 547.037 0.248822 
73 926.557 0.34509 883.898 0.246502 837.926 0.247654 565.465 0.231533 
74 934.876 0.321958 891.344 0.452669 845.002 0.307916 571.386 0.307982 
75 917.489 0.257316 874.743 0.348521 828.413 0.350348 554.504 0.301907 
76 912.984 0.389072 870.05 0.264703 824.114 0.32112 552.959 0.249832 
77 917.611 0.367799 873.529 0.375366 828.189 0.334928 554.985 0.278291 
78 943.962 0.328479 900.678 0.273689 854.421 0.254981 581.097 0.219787 
79 903.766 0.425917 860.624 0.313785 815.582 0.325561 542.312 0.258893 
80 920.901 0.364813 877.337 0.300767 830.873 0.309299 556.557 0.270613 
81 937.744 0.320446 894.558 0.29474 848.484 0.306105 574.925 0.25953 
82 934.435 0.355533 890.806 0.306085 845.199 0.312769 571.875 0.293834 
83 924.256 0.408955 881.298 0.282877 835.544 0.314673 563.546 0.251866 
84 940.223 0.380403 897.707 0.270912 852.292 0.237924 578.542 0.220384 
85 938.867 0.330589 894.66 0.289229 848.277 0.26217 573.496 0.222065 
86 943.987 0.366011 900.494 0.246184 855.018 0.252893 579.65 0.298737 
87 947.607 0.498188 903.663 0.29297 858.142 0.25749 582.628 0.232735 
88 932.905 0.322861 889.545 0.265617 844.076 0.240538 570.128 0.190549 
89 935.28 0.45963 892.287 0.271192 846.961 0.268509 572.729 0.248656 
90 944.639 0.393248 900.754 0.233176 855.265 0.314893 578.758 0.269984 
91 954.163 0.392677 910.148 0.30846 864.054 0.240968 587.403 0.271077 
92 945.748 0.300772 901.693 0.297279 855.715 0.299945 578.615 0.240071 
93 951 0.441617 907.525 0.351465 860.671 0.285691 584.463 0.261649 
94 956.804 0.403273 912.799 0.288318 867.143 0.284917 588.72 0.239891 
95 948.183 0.334942 904.184 0.271816 857.923 0.263273 580.543 0.24678 
96 945.525 0.302589 901.649 0.312736 855.454 0.265368 578.88 0.276311 
97 924.685 0.377921 881.553 0.394926 836.002 0.322945 561.602 0.293977 
98 939.673 0.480003 896.374 0.347248 850.066 0.365481 575.626 0.406524 
99 923.024 0.339626 879.511 0.402073 833.915 0.275599 560.235 0.275201 
100 909.827 0.388168 866.122 0.327609 820.871 0.344655 549.382 0.255465 
101 906.782 0.401254 863.842 0.562063 818.191 0.328195 543.783 0.351455 
102 912.954 0.363631 868.96 0.381541 823.749 0.390749 551.028 0.268348 
103 902.921 0.443721 861.019 0.287749 813.759 0.34485 541.204 0.256803 
104 915.379 0.392774 870.482 0.326595 825.172 0.298826 551.55 0.243283 
105 921.321 0.3716 877.179 0.332642 831.962 0.377411 556.257 0.253007 
106 925.995 0.367242 882.411 0.296759 836.807 0.278297 561.967 0.274912 
107 913.811 0.321802 870.338 0.316926 824.169 0.31119 549.416 0.248781 
108 918.828 0.535827 875.557 0.443907 829.368 0.305897 553.577 0.297879 
109 925.394 0.38788 881.904 0.316679 836.34 0.419078 561.831 0.31434 
110 915.68 0.509396 870.974 0.335488 825.389 0.297539 550.679 0.239291 
111 921.499 0.333065 877.622 0.310632 831.092 0.272764 555.989 0.321193 
112 918.57 0.548204 874.397 0.298536 829.477 0.298662 553.597 0.252658 
113 950.523 0.340352 906.612 0.275236 860.043 0.294859 583.82 0.239226 
114 944.931 0.269055 901.47 0.251417 854.355 0.227982 579.039 0.246266 
115 926.662 0.316133 883.047 0.272736 837.534 0.217812 563.005 0.295573 
116 946.233 0.264656 902.764 0.252265 856.702 0.321142 582.776 0.215442 
117 945.13 0.282726 901.144 0.238205 854.197 0.262433 577.865 0.203663 
118 956.09 0.340801 911.884 0.367419 865.175 0.246237 589.7 0.213249 
119 945.041 0.282816 900.904 0.235219 854.352 0.237919 579.229 0.209855 
120 922.953 0.311874 879.717 0.247437 833.908 0.211616 559.921 0.218533 
121 935.938 0.337079 892.24 0.2632 846.042 0.246827 572.132 0.214928 
122 935.498 0.396041 892.052 0.277519 845.783 0.273028 569.297 0.269385 
123 933.907 0.317167 890.276 0.247961 843.797 0.314347 568.549 0.210855 
124 946.272 0.297682 901.655 0.278508 855.577 0.288869 578.261 0.2318 
125 942.453 0.318066 898.097 0.275904 851.508 0.308246 576.162 0.258776 
126 948.451 0.318078 904.695 0.304572 858.467 0.271656 581.6 0.214785 
127 923.912 0.335299 880.043 0.282809 833.814 0.25685 559.423 0.241487 
128 940.148 0.576502 894.911 0.256696 848.695 0.245733 572.984 0.243141 
