1.765828125
1.036816514
0.830977941
0.957737288
1.584763897
0.821990443
2.215941176
0.804918698
1.086548538
0.656624756
0.819968656
0.846862846
1.737942298
0.818650035
0.8353883
0.812446981
0.876538614
0.830855757
0.828134274
0.835857876
0.908450025
1.478335716
0.78365878
1.454637895
0.819011936
1.083433995
0.812540443
1.52975367
0.768795918
0.858774449
0.954195444
0.797590566
0.651202858
0.90992021
0.857451764
0.790173608
1.093804744
0.826209014
0.992744139
0.681084306
1
0.856827676
1.08809682
0.809542912
1.013106113
0.793652912
0.904733695
0.692439189
0.989978714
0.949760906
1.076109313
1.039400712
0.930362553
0.95391355
0.938934722
0.985386567
1
1.043026829
0.918237512
1.11320922
0.928062871
1.123925929
1.108666222
1
