1
0.566341049
0.660586107
0.61179501
0.60850993
0.638733506
0.761230523
0.522335841
0.672808095
0.585506132
0.821067495
0.874995186
0.824002965
0.643931191
0.645599376
0.776951399
0.66513758
0.981139199
0.85643198
0.911526527
0.557402754
0.703009648
0.580538574
0.745368484
0.830171003
0.753586083
0.629088921
0.912692313
0.763638625
0.99430362
0.783068895
1.134744253
1
0.869902983
0.647493468
0.858490064
0.743868952
0.710878272
0.859106646
0.83074411
0.945357542
0.754536991
0.955573757
0.837936044
0.953374386
0.722006634
0.924208368
0.841855101
0.973576089
0.872529347
0.996893152
0.62652565
0.894501802
0.930048488
0.801417855
0.887209501
0.848775333
0.825668097
0.845412016
0.860344672
0.816772496
0.873216858
0.776281399
0.927678917
