0
-1
0
-1
0
-1
0
-1
0
-1
0
-1
0
-1
0
-1
0
-1
0
-1
0
-1
0
-1
2.25484
-321.339
1.82402
-202.479
1.87098
-275.844
1.74466
-221.892
0
-1
0
-1
0
-1
0
-1
0
-1
0
-1
0
-1
0
-1
0
-1
0
-1
0
-1
0
-1
1.35862
-220.176
1.70911
-214.703
1.60458
-250.896
1.61541
-238.629
2.02247
-200.058
2.23133
-464.856
2.1595
-200.826
1.96778
-166.283
2.0057
-256.904
1.46384
77.2645
1.84811
-218.733
1.99103
-246.395
2.05206
-267.534
1.94334
-235.085
1.82798
-205.961
1.85432
-221.213
1.87327
-287.515
1.8378
-238.91
0
-1
2.00633
-255.956
2.26608
-234.801
2.2392
-237.745
2.32103
-279.94
2.56492
-301.135
2.04107
-268.204
2.01311
-262.526
2.30844
-328.068
2.14068
-422.521
2.11119
-273.757
2.06683
-237.313
1.95968
-281.612
2.03782
-268.588
2.09367
-267.646
2.06221
-268.926
2.12478
-251.124
2.09886
-264.472
2.17652
-193.449
2.31244
-236.678
2.03404
-171.04
2.10627
-218.792
2.07158
-255.698
1.98202
-179.986
2.32545
-176.922
2.20043
-223.481
1.89527
-203.306
2.94027
-237.954
2.23242
-191.812
2.07946
-128.132
2.13796
-468.091
2.01829
-156.502
2.27926
-246.098
2.24732
-149.841
2.23683
-274.791
1.76389
-243.684
1.83284
-245.157
1.74674
-202.603
1.79598
-237.347
1.65499
-196.243
1.86307
-247.553
1.57926
-233.105
1.71564
-258.023
1.07221
55.5454
1.31604
-196.194
0
-1
2.24758
-288.599
2.10011
-257.107
1.89901
-252.403
1.78562
-251.381
1.80267
-200.194
2.0458
-419.149
1.80028
-200.86
2.08677
-444.476
1.73634
-231.648
1.87297
-266.113
1.89499
-274.355
1.79037
-187.476
1.74529
-217.925
1.85487
-244.456
1.45949
-223.523
1.94636
-224.477
1.85293
-213.257
1.76206
-180.651
1.89903
-190.816
1.63245
-179.531
2.11422
-190.006
2.09378
-208.556
1.86236
-201.506
1.90851
-188.962
2.02477
-250.149
2.0404
-228.326
2.04167
-250.985
2.01075
-207.347
2.0005
-251.282
2.24646
-253.937
1.78806
-80.6528
2.01042
-229.626
0
-1
2.1215
-213.862
1.94526
-262.771
2.03862
-188.361
1.56657
-199.823
2.1123
-417.341
2.06386
-387.506
1.81707
-180.414
1.8934
-243.713
1.84134
-217.033
1.78865
-217.011
2.0594
-221.318
1.57092
-185.242
2.32679
-410.654
1.95382
-246.124
1.9003
-205.052
2.18975
-369.463
0
-1
1.93916
-244.994
2.12364
-443.407
1.9268
-255.249
1.81567
-9.40591
1.84675
-226.894
1.84005
-230.052
2.33134
-344.144
2.02496
-256.437
1.94704
-292.984
1.97599
-242.462
1.92513
-213.719
1.92741
-247.353
2.03283
-410.74
1.8758
-232.713
1.75873
-239.129
1.78256
-242.654
1.96004
-264.498
1.87154
-222.359
2.22089
-325.781
2.10192
-211.011
2.09968
-186.842
2.14063
-176.601
1.89238
-178.898
1.96638
-139.613
1.89806
-177.996
1.86023
-170.118
1.8379
-127.23
1.88034
-160.68
1.77897
-171.185
1.88154
-141.923
2.19611
-198.334
2.03456
-171.932
1.94795
-207.905
1.98622
-166.822
1.8449
-152.665
1.90174
-160.259
1.81313
-167.573
1.69174
-146.528
1.77825
-168.933
1.85364
-195.776
1.90558
-191.004
1.82898
-160.872
1.96117
-232.801
1.80152
-191.612
1.70584
-189.652
0
-1
1.79065
-202.141
2.48607
-212.15
1.84584
-163.954
1.72765
-145.491
